chr1	po1	gene1	chr2	po2	gene2
chr1	944694	EOG090B05OD	chr18	13703833	EOG090B05OD
chr1	1082893	EOG090B0LIR	chr18	14489785	EOG090B0LIR
chr1	1217512	EOG090B08Y2	chr18	14788155	EOG090B08Y2
chr1	1255203	EOG090B0C55	chr18	15006267	EOG090B0C55
chr1	1308644	EOG090B0AXY	chr18	15268702	EOG090B0AXY
chr1	1311859	EOG090B03H1	chr18	15338550	EOG090B03H1
chr1	2019424	EOG090B07C7	chr18	16935820	EOG090B07C7
chr1	2392702	EOG090B0DFX	chr18	17652667	EOG090B0DFX
chr1	2405766	EOG090B0D29	chr18	17666310	EOG090B0D29
chr1	2508847	EOG090B028U	chr18	18032012	EOG090B028U
chr1	3625073	EOG090B0DVR	chr18	19282237	EOG090B0DVR
chr1	3630975	EOG090B05QE	chr18	19290292	EOG090B05QE
chr1	3781088	EOG090B060G	chr18	19468169	EOG090B060G
chr1	3815402	EOG090B027C	chr18	19494670	EOG090B027C
chr1	3857604	EOG090B099H	chr18	19523546	EOG090B099H
chr1	6225080	EOG090B0BYH	chr18	20988954	EOG090B0BYH
chr1	6525854	EOG090B066X	chr18	21459249	EOG090B066X
chr1	6614067	EOG090B0BKA	chr18	21535121	EOG090B0BKA
chr1	7962786	EOG090B0EDI	chr18	22641902	EOG090B0EDI
chr1	8324330	EOG090B03E1	chr18	22856983	EOG090B03E1
chr1	9588931	EOG090B06F2	chr18	12449120	EOG090B06F2
chr1	9730508	EOG090B01F0	chr18	12298291	EOG090B01F0
chr1	9930399	EOG090B0ILM	chr18	12165078	EOG090B0ILM
chr1	10083473	EOG090B00ZI	chr18	12044246	EOG090B00ZI
chr1	10399118	EOG090B05GI	chr18	11886556	EOG090B05GI
chr1	10461490	EOG090B098N	chr18	11850604	EOG090B098N
chr1	10598340	EOG090B0B8F	chr18	11751754	EOG090B0B8F
chr1	11066718	EOG090B01UK	chr18	11230961	EOG090B01UK
chr1	11273532	EOG090B09M4	chr18	11121408	EOG090B09M4
chr1	11500993	EOG090B00U4	chr18	10911729	EOG090B00U4
chr1	11674775	EOG090B0DNB	chr18	10781666	EOG090B0DNB
chr1	11790680	EOG090B031B	chr18	10684431	EOG090B031B
chr1	11804633	EOG090B01SI	chr18	10657575	EOG090B01SI
chr1	11906303	EOG090B053B	chr18	10558029	EOG090B053B
chr1	12021727	EOG090B0932	chr18	10479921	EOG090B0932
chr1	12234267	EOG090B0FLR	chr18	10327321	EOG090B0FLR
chr1	15492943	EOG090B095T	chr18	8811081	EOG090B095T
chr1	15701941	EOG090B01DA	chr18	5130254	EOG090B01DA
chr1	19219303	EOG090B01EP	chr18	7901907	EOG090B01EP
chr1	19251836	EOG090B0D5M	chr18	7927881	EOG090B0D5M
chr1	19339530	EOG090B08IR	chr18	7983010	EOG090B08IR
chr1	19683040	EOG090B04MJ	chr18	8221156	EOG090B04MJ
chr1	19882514	EOG090B09XF	chr18	8293969	EOG090B09XF
chr1	20500690	EOG090B082J	chr18	8631233	EOG090B082J
chr1	20652379	EOG090B0651	chr18	5020883	EOG090B0651
chr1	20744797	EOG090B076T	chr18	92409	EOG090B076T
chr1	21679417	EOG090B014N	chr18	1426402	EOG090B014N
chr1	22563636	EOG090B0178	chr18	4073132	EOG090B0178
chr1	23030397	EOG090B02B1	chr20	19206071	EOG090B02B1
chr1	23778516	EOG090B0G12	chr20	8110555	EOG090B0G12
chr1	24902122	EOG090B09DL	chr20	8756706	EOG090B09DL
chr1	25821900	EOG090B0C5W	chr20	9378959	EOG090B0C5W
chr1	26169984	EOG090B0GZR	chr20	9655013	EOG090B0GZR
chr1	26280156	EOG090B0JOD	chr20	9723623	EOG090B0JOD
chr1	26282299	EOG090B07YS	chr20	9729836	EOG090B07YS
chr1	26432946	EOG090B08EA	chr20	9917703	EOG090B08EA
chr1	26790816	EOG090B05U9	chr20	10239264	EOG090B05U9
chr1	26891010	EOG090B066W	chr20	10340660	EOG090B066W
chr1	26921849	EOG090B0CH3	chr20	10361263	EOG090B0CH3
chr1	27264025	EOG090B02Y1	chr20	10618981	EOG090B02Y1
chr1	27935184	EOG090B065U	chr20	18482237	EOG090B065U
chr1	28095742	EOG090B0CF5	chr1	6122685	EOG090B0CF5
chr1	28149993	EOG090B08LV	chr20	18744464	EOG090B08LV
chr1	28330663	EOG090B0DRP	chr6	88631021	EOG090B0DRP
chr1	28529867	EOG090B07B6	chr20	11373357	EOG090B07B6
chr1	28603539	EOG090B0H7D	chr20	12135513	EOG090B0H7D
chr1	31259478	EOG090B0910	chr20	15218062	EOG090B0910
chr1	31727420	EOG090B00F6	chr20	6083985	EOG090B00F6
chr1	32222442	EOG090B08H1	chr20	6781539	EOG090B08H1
chr1	32367291	EOG090B08U3	chr20	6910298	EOG090B08U3
chr1	32775981	EOG090B055Q	chr20	7137996	EOG090B055Q
chr1	35559125	EOG090B04N6	chr20	3752033	EOG090B04N6
chr1	35597946	EOG090B0GJG	chr20	3652410	EOG090B0GJG
chr1	35736496	EOG090B01JZ	chr20	3451919	EOG090B01JZ
chr1	36084922	EOG090B0769	chr20	3280966	EOG090B0769
chr1	36088905	EOG090B0AA8	chr20	3273724	EOG090B0AA8
chr1	36341755	EOG090B06G7	chr20	2773918	EOG090B06G7
chr1	37501254	EOG090B0K2H	chr20	1672112	EOG090B0K2H
chr1	37537748	EOG090B0C4X	chr20	1658923	EOG090B0C4X
chr1	37692691	EOG090B0CTR	chr20	1416226	EOG090B0CTR
chr1	37803925	EOG090B0G4S	chr20	1107568	EOG090B0G4S
chr1	39841744	EOG090B065A	chr20	7872644	EOG090B065A
chr1	40074061	EOG090B0A2X	chr20	8004954	EOG090B0A2X
chr1	40391348	EOG090B09F3	chr20	5455004	EOG090B09F3
chr1	42430736	EOG090B07R4	chr18	2790422	EOG090B07R4
chr1	43164443	EOG090B0BON	chr8	113896119	EOG090B0BON
chr1	43375683	EOG090B0COA	chr8	113360749	EOG090B0COA
chr1	43451019	EOG090B0B6W	chr8	113273490	EOG090B0B6W
chr1	43970176	EOG090B08RF	chr8	111756722	EOG090B08RF
chr1	44213754	EOG090B06WO	chr8	111400391	EOG090B06WO
chr1	44654559	EOG090B0DK8	chr8	110680794	EOG090B0DK8
chr1	44850951	EOG090B07D1	chr8	110008468	EOG090B07D1
chr1	45012266	EOG090B08C2	chr8	109960695	EOG090B08C2
chr1	45331125	EOG090B04FN	chr8	109726372	EOG090B04FN
chr1	45340253	EOG090B05A9	chr8	109712381	EOG090B05A9
chr1	45500333	EOG090B0ES0	chr8	109492786	EOG090B0ES0
chr1	46189270	EOG090B02YV	chr8	108216356	EOG090B02YV
chr1	46248406	EOG090B02KB	chr8	107964583	EOG090B02KB
chr1	46635776	EOG090B0BA1	chr8	107274322	EOG090B0BA1
chr1	47269631	EOG090B00RI	chr8	106865457	EOG090B00RI
chr1	48435967	EOG090B06QG	chr11	21343804	EOG090B06QG
chr1	50524342	EOG090B03HU	chr8	103528203	EOG090B03HU
chr1	52004264	EOG090B0FQ0	chr8	102689729	EOG090B0FQ0
chr1	52687720	EOG090B0CBQ	chr8	102220860	EOG090B0CBQ
chr1	53069856	EOG090B05IS	chr8	102035271	EOG090B05IS
chr1	53767970	EOG090B04I0	chr8	100923586	EOG090B04I0
chr1	53951922	EOG090B06X6	chr8	100893535	EOG090B06X6
chr1	54032150	EOG090B0936	chr8	100819326	EOG090B0936
chr1	54054333	EOG090B0E8F	chr8	100830210	EOG090B0E8F
chr1	54132968	EOG090B04IK	chr8	100758010	EOG090B04IK
chr1	54200244	EOG090B07JY	chr8	100718391	EOG090B07JY
chr1	54852233	EOG090B04CY	chr8	100254050	EOG090B04CY
chr1	55069045	EOG090B004X	chr8	100022959	EOG090B004X
chr1	58486087	EOG090B06T4	chr8	98168578	EOG090B06T4
chr1	58659997	EOG090B01ON	chr8	98110954	EOG090B01ON
chr1	62437245	EOG090B06NX	chr8	96049958	EOG090B06NX
chr1	62803787	EOG090B04ZN	chr8	95817147	EOG090B04ZN
chr1	63525573	EOG090B03RD	chr8	95386544	EOG090B03RD
chr1	64588920	EOG090B00UU	chr8	94743921	EOG090B00UU
chr1	65360904	EOG090B02D5	chr8	94364796	EOG090B02D5
chr1	66761012	EOG090B0FCP	chr8	93576440	EOG090B0FCP
chr1	66930392	EOG090B07BU	chr8	93466057	EOG090B07BU
chr1	68126226	EOG090B0460	chr8	92905068	EOG090B0460
chr1	71065074	EOG090B0GRD	chr8	91466668	EOG090B0GRD
chr1	74598090	EOG090B00LJ	chr8	89727955	EOG090B00LJ
chr1	74733245	EOG090B0DRQ	chr8	89657664	EOG090B0DRQ
chr1	75724788	EOG090B074J	chr8	89214584	EOG090B074J
chr1	77560313	EOG090B01MB	chr8	88069842	EOG090B01MB
chr1	77913642	EOG090B067T	chr8	87777052	EOG090B067T
chr1	78492744	EOG090B08IQ	chr8	87376565	EOG090B08IQ
chr1	79054945	EOG090B08IL	chr6	35719679	EOG090B08IL
chr1	83881150	EOG090B01ZN	chr8	84459224	EOG090B01ZN
chr1	84365421	EOG090B08GT	chr8	84060648	EOG090B08GT
chr1	85267627	EOG090B0HS9	chr8	83403851	EOG090B0HS9
chr1	85321452	EOG090B0B52	chr8	83347860	EOG090B0B52
chr1	85580985	EOG090B0749	chr8	83228312	EOG090B0749
chr1	85670175	EOG090B088A	chr8	83135070	EOG090B088A
chr1	87332016	EOG090B0JIN	chr8	82067846	EOG090B0JIN
chr1	88853213	EOG090B09U6	chr8	81159737	EOG090B09U6
chr1	91501741	EOG090B0454	chr8	79855073	EOG090B0454
chr1	92030080	EOG090B09P6	chr8	79465615	EOG090B09P6
chr1	92147264	EOG090B00JL	chr8	79398272	EOG090B00JL
chr1	92299074	EOG090B03Z3	chr8	79272250	EOG090B03Z3
chr1	93110207	EOG090B03C2	chr8	78856414	EOG090B03C2
chr1	93346646	EOG090B0I4M	chr8	78724337	EOG090B0I4M
chr1	93888990	EOG090B0CBA	chr8	78288907	EOG090B0CBA
chr1	94446969	EOG090B037M	chr8	77894315	EOG090B037M
chr1	94983076	EOG090B0FUO	chr8	77510022	EOG090B0FUO
chr1	100126690	EOG090B07P2	chr8	74707869	EOG090B07P2
chr1	100873942	EOG090B08HQ	chr8	74380679	EOG090B08HQ
chr1	100990408	EOG090B0ASG	chr8	74283325	EOG090B0ASG
chr1	108648566	EOG090B08CP	chr8	70341460	EOG090B08CP
chr1	108692592	EOG090B0CQ2	chr8	70322257	EOG090B0CQ2
chr1	108934670	EOG090B09GQ	chr8	70103713	EOG090B09GQ
chr1	110363766	EOG090B071D	chr4	135844442	EOG090B071D
chr1	110848077	EOG090B0BER	chr7	48937890	EOG090B0BER
chr1	111187605	EOG090B05WB	chr4	133107454	EOG090B05WB
chr1	113895065	EOG090B0596	chr4	148600131	EOG090B0596
chr1	115019362	EOG090B0I63	chr4	149357343	EOG090B0I63
chr1	117107745	EOG090B06A0	chr1	212419102	EOG090B06A0
chr1	117870569	EOG090B055C	chr1	212877438	EOG090B055C
chr1	117933320	EOG090B01TU	chr1	212929003	EOG090B01TU
chr1	117966598	EOG090B00WW	chr1	212984613	EOG090B00WW
chr1	119025531	EOG090B08R0	chr1	213850678	EOG090B08R0
chr1	145608134	EOG090B066U	chr1	188741762	EOG090B066U
chr1	145825777	EOG090B0LL3	chr24	5403664	EOG090B0LL3
chr1	147186900	EOG090B04WP	chr1	169622071	EOG090B04WP
chr1	147647423	EOG090B0EAJ	chr1	188910617	EOG090B0EAJ
chr1	150324943	EOG090B03OQ	chr24	6695770	EOG090B03OQ
chr1	155709780	EOG090B082E	chr24	240359	EOG090B082E
chr1	156009540	EOG090B0FE9	chr24	5151541	EOG090B0FE9
chr1	156054890	EOG090B0HV2	chr24	4728848	EOG090B0HV2
chr1	156213016	EOG090B0GOS	chr24	4994853	EOG090B0GOS
chr1	156309199	EOG090B04WJ	chr24	5128203	EOG090B04WJ
chr1	161202386	EOG090B0IG8	chr24	10216624	EOG090B0IG8
chr1	161749802	EOG090B0G4H	chr1	212773759	EOG090B0G4H
chr1	162498001	EOG090B07HO	chr8	43954180	EOG090B07HO
chr1	163323920	EOG090B05OT	chr8	50490407	EOG090B05OT
chr1	165737803	EOG090B0EDM	chr8	50712152	EOG090B0EDM
chr1	166857567	EOG090B0A6X	chr8	46759649	EOG090B0A6X
chr1	167093732	EOG090B01NJ	chr1	190186084	EOG090B01NJ
chr1	168085531	EOG090B064P	chr1	203738426	EOG090B064P
chr1	168179078	EOG090B0DRM	chr1	203784492	EOG090B0DRM
chr1	169298520	EOG090B084C	chr1	204447900	EOG090B084C
chr1	169369523	EOG090B07PL	chr1	204572273	EOG090B07PL
chr1	169395047	EOG090B08U0	chr1	204591996	EOG090B08U0
chr1	169853713	EOG090B03IN	chr8	49074235	EOG090B03IN
chr1	170532224	EOG090B0F6W	chr8	48662058	EOG090B0F6W
chr1	171781968	EOG090B052Y	chr8	47885161	EOG090B052Y
chr1	173715172	EOG090B03C7	chr8	50831373	EOG090B03C7
chr1	173800448	EOG090B0AEM	chr8	50862087	EOG090B0AEM
chr1	173826415	EOG090B032U	chr8	50876240	EOG090B032U
chr1	175984568	EOG090B03S8	chr8	52386491	EOG090B03S8
chr1	179330295	EOG090B04MQ	chr8	54755876	EOG090B04MQ
chr1	182794372	EOG090B0A0F	chr8	57333308	EOG090B0A0F
chr1	183252641	EOG090B0AGI	chr8	57718308	EOG090B0AGI
chr1	185084758	EOG090B0BPK	chr8	58976397	EOG090B0BPK
chr1	185120019	EOG090B02JJ	chr8	59011165	EOG090B02JJ
chr1	185298035	EOG090B03BE	chr8	59177713	EOG090B03BE
chr1	186379786	EOG090B08BX	chr8	59910022	EOG090B08BX
chr1	193016351	EOG090B099U	chr8	64586975	EOG090B099U
chr1	193069055	EOG090B04NT	chr8	64628524	EOG090B04NT
chr1	193096625	EOG090B0HKO	chr8	64650417	EOG090B0HKO
chr1	193180294	EOG090B06JA	chr8	64771772	EOG090B06JA
chr1	201894394	EOG090B08JY	chr4	130736530	EOG090B08JY
chr1	202122964	EOG090B054M	chr4	133762356	EOG090B054M
chr1	204506901	EOG090B05MV	chr4	141588706	EOG090B05MV
chr1	205042114	EOG090B01JB	chr4	142109007	EOG090B01JB
chr1	205094743	EOG090B04NX	chr4	142177081	EOG090B04NX
chr1	205228565	EOG090B052S	chr4	142273158	EOG090B052S
chr1	205337399	EOG090B07E4	chr4	142445988	EOG090B07E4
chr1	205616546	EOG090B09Y2	chr4	142755155	EOG090B09Y2
chr1	205828620	EOG090B05U8	chr4	142961940	EOG090B05U8
chr1	206197285	EOG090B0H28	chr4	143213182	EOG090B0H28
chr1	206591775	EOG090B051G	chr4	143601199	EOG090B051G
chr1	207049020	EOG090B09PR	chr4	144017849	EOG090B09PR
chr1	211479036	EOG090B0EQJ	chr3	180886882	EOG090B0EQJ
chr1	211749899	EOG090B07FH	chr3	180468063	EOG090B07FH
chr1	211941824	EOG090B01LW	chr3	180365875	EOG090B01LW
chr1	212365215	EOG090B0870	chr3	180134437	EOG090B0870
chr1	212432944	EOG090B0G9E	chr3	180095379	EOG090B0G9E
chr1	212597230	EOG090B0GLF	chr3	179951040	EOG090B0GLF
chr1	212738408	EOG090B0EFC	chr3	179865289	EOG090B0EFC
chr1	213218249	EOG090B09SO	chr3	177877238	EOG090B09SO
chr1	214613755	EOG090B028F	chr3	178890643	EOG090B028F
chr1	217610881	EOG090B09IW	chr3	176208275	EOG090B09IW
chr1	217760809	EOG090B098U	chr2	295363503	EOG090B098U
chr1	218285317	EOG090B0E5T	chr3	175639481	EOG090B0E5T
chr1	220058844	EOG090B0A6K	chr3	174630677	EOG090B0A6K
chr1	220094433	EOG090B01DB	chr3	174574770	EOG090B01DB
chr1	221702412	EOG090B072G	chr3	173678413	EOG090B072G
chr1	222558660	EOG090B06LN	chr3	173224021	EOG090B06LN
chr1	222704763	EOG090B07EF	chr3	173071017	EOG090B07EF
chr1	224114154	EOG090B0CE2	chr3	172306030	EOG090B0CE2
chr1	224356925	EOG090B0GJT	chr3	172167125	EOG090B0GJT
chr1	225985302	EOG090B0B1G	chr3	170782621	EOG090B0B1G
chr1	226146610	EOG090B0B41	chr3	170590551	EOG090B0B41
chr1	226232501	EOG090B04K3	chr3	170476398	EOG090B04K3
chr1	226361460	EOG090B0KEX	chr3	170400973	EOG090B0KEX
chr1	227747653	EOG090B07GS	chr2	4781719	EOG090B07GS
chr1	228165817	EOG090B0BOM	chr2	6517814	EOG090B0BOM
chr1	229441904	EOG090B016C	chr3	142016620	EOG090B016C
chr1	229518179	EOG090B03T4	chr3	141966598	EOG090B03T4
chr1	230323425	EOG090B060E	chr3	141503938	EOG090B060E
chr1	230642607	EOG090B039X	chr3	141342815	EOG090B039X
chr1	230703141	EOG090B06P6	chr3	141325385	EOG090B06P6
chr1	230906905	EOG090B0281	chr3	141091148	EOG090B0281
chr1	230979106	EOG090B0ALZ	chr3	141053652	EOG090B0ALZ
chr1	231338384	EOG090B06ND	chr3	142577052	EOG090B06ND
chr1	231521285	EOG090B0A3R	chr3	142702074	EOG090B0A3R
chr1	232385625	EOG090B00F8	scaffold_48_arrow_ctg1	1391539	EOG090B00F8
chr1	232954548	EOG090B0FBA	chr3	143958277	EOG090B0FBA
chr1	233344108	EOG090B02Z4	chr3	144229825	EOG090B02Z4
chr1	235335265	EOG090B0A35	chr3	145641153	EOG090B0A35
chr1	235390078	EOG090B0509	chr3	145688883	EOG090B0509
chr1	235450206	EOG090B04O5	chr3	145738563	EOG090B04O5
chr1	236464508	EOG090B0DNC	chr3	146356780	EOG090B0DNC
chr1	241535549	EOG090B05DU	chr11	8774892	EOG090B05DU
chr1	241850426	EOG090B02LZ	chr3	150334923	EOG090B02LZ
chr1	244047831	EOG090B04FL	chr3	151956313	EOG090B04FL
chr1	244854450	EOG090B05VA	chr3	152467505	EOG090B05VA
chr1	245626641	EOG090B00BU	chr3	152992389	EOG090B00BU
chr2	669580	EOG090B0J2X	chr3	47442695	EOG090B0J2X
chr2	3189334	EOG090B07JW	chr3	44757433	EOG090B07JW
chr2	3545785	EOG090B0ATE	chr3	44495717	EOG090B0ATE
chr2	6849850	EOG090B068Q	chr3	42403323	EOG090B068Q
chr2	6877801	EOG090B0C4K	chr3	42388406	EOG090B0C4K
chr2	8682166	EOG090B0I0L	chr3	41210540	EOG090B0I0L
chr2	9406834	EOG090B0FQ9	chr3	40417979	EOG090B0FQ9
chr2	9474567	EOG090B0COI	chr3	40336011	EOG090B0COI
chr2	9843542	EOG090B042N	chr3	39891565	EOG090B042N
chr2	10572071	EOG090B03N4	chr3	38871367	EOG090B03N4
chr2	10784258	EOG090B07JD	chr3	38810333	EOG090B07JD
chr2	11155547	EOG090B0EDB	chr3	38218251	EOG090B0EDB
chr2	15591934	EOG090B02N6	chr3	34963416	EOG090B02N6
chr2	17759944	EOG090B01WV	chr3	32760429	EOG090B01WV
chr2	17816519	EOG090B0EXS	chr3	32744204	EOG090B0EXS
chr2	19913558	EOG090B00S6	chr3	30955830	EOG090B00S6
chr2	20033205	EOG090B0DYT	chr3	30921554	EOG090B0DYT
chr2	24050691	EOG090B0IQZ	chr3	26437505	EOG090B0IQZ
chr2	26191250	EOG090B0386	chr3	11917117	EOG090B0386
chr2	27032842	EOG090B0IFU	chr3	10210756	EOG090B0IFU
chr2	27653485	EOG090B08OA	chr3	165755925	EOG090B08OA
chr2	27781615	EOG090B0AB4	chr3	166021568	EOG090B0AB4
chr2	28393721	EOG090B0BD8	chr3	166523117	EOG090B0BD8
chr2	28894699	EOG090B03HH	chr3	166971101	EOG090B03HH
chr2	29121389	EOG090B0342	chr3	167191377	EOG090B0342
chr2	30225989	EOG090B0K88	chr3	168186714	EOG090B0K88
chr2	32156342	EOG090B062X	chr3	154475338	EOG090B062X
chr2	32278156	EOG090B0DSJ	chr3	158120288	EOG090B0DSJ
chr2	32360659	EOG090B000N	chr3	158158638	EOG090B000N
chr2	32630474	EOG090B02OE	chr3	158708121	EOG090B02OE
chr2	36738028	EOG090B03D0	chr3	157030788	EOG090B03D0
chr2	37084518	EOG090B0DIQ	chr3	157321236	EOG090B0DIQ
chr2	37201764	EOG090B01T9	chr3	154658850	EOG090B01T9
chr2	37231706	EOG090B07CS	chr3	154642084	EOG090B07CS
chr2	37645823	EOG090B0EOI	chr3	157978195	EOG090B0EOI
chr2	38666162	EOG090B07YG	chr3	224204181	EOG090B07YG
chr2	38778991	EOG090B0FBL	chr3	224276826	EOG090B0FBL
chr2	42767437	EOG090B0A2Z	chr3	184824844	EOG090B0A2Z
chr2	43678863	EOG090B00OU	chr3	186601872	EOG090B00OU
chr2	43774139	EOG090B08JW	chr3	186710040	EOG090B08JW
chr2	43839054	EOG090B03PC	chr3	186791173	EOG090B03PC
chr2	43888600	EOG090B00YL	chr3	186836872	EOG090B00YL
chr2	44321356	EOG090B036Z	chr3	187340278	EOG090B036Z
chr2	46340318	EOG090B020C	chr3	189297772	EOG090B020C
chr2	46617283	EOG090B0IIM	chr3	189643324	EOG090B0IIM
chr2	47403192	EOG090B01YA	chr3	190670409	EOG090B01YA
chr2	53670503	EOG090B046W	chr3	192044548	EOG090B046W
chr2	53767887	EOG090B0F0M	chr3	192015918	EOG090B0F0M
chr2	55236648	EOG090B03XU	chr3	198052477	EOG090B03XU
chr2	55519802	EOG090B0ARF	chr3	199593107	EOG090B0ARF
chr2	55636237	EOG090B02GP	chr3	199842610	EOG090B02GP
chr2	58145334	EOG090B077Y	chr3	201656681	EOG090B077Y
chr2	60942395	EOG090B04M1	chr3	203756883	EOG090B04M1
chr2	61070351	EOG090B02XU	chr3	203881072	EOG090B02XU
chr2	61990187	EOG090B0EYL	chr3	210270044	EOG090B0EYL
chr2	62501209	EOG090B0FVL	chr3	209968893	EOG090B0FVL
chr2	63364425	EOG090B02R6	chr3	209373648	EOG090B02R6
chr2	63893430	EOG090B01G5	chr3	209071192	EOG090B01G5
chr2	65056478	EOG090B0H8U	chr3	208281931	EOG090B0H8U
chr2	68131238	EOG090B0819	chr3	206149778	EOG090B0819
chr2	68157935	EOG090B0E33	chr3	206139437	EOG090B0E33
chr2	68775253	EOG090B03TM	chr2	152877342	EOG090B03TM
chr2	71109970	EOG090B0G04	chr10	30961254	EOG090B0G04
chr2	71130666	EOG090B08AD	chr10	30976576	EOG090B08AD
chr2	73214267	EOG090B07GD	chr5	5281304	EOG090B07GD
chr2	75632187	EOG090B0AKC	chr3	26147931	EOG090B0AKC
chr2	84419918	EOG090B0C7Y	chr5	12698669	EOG090B0C7Y
chr2	85840144	EOG090B07KK	chr5	14659272	EOG090B07KK
chr2	86144268	EOG090B03JU	chr5	14384688	EOG090B03JU
chr2	88067865	EOG090B0AFN	chr5	13859660	EOG090B0AFN
chr2	88557736	EOG090B01DI	chr5	13436805	EOG090B01DI
chr2	88709291	EOG090B0B7R	chr5	13395487	EOG090B0B7R
chr2	96275012	EOG090B0EVD	chr2	148512549	EOG090B0EVD
chr2	96588208	EOG090B02EW	chr2	148116747	EOG090B02EW
chr2	98609709	EOG090B0BI3	chr1	119665203	EOG090B0BI3
chr2	99319682	EOG090B0E5Z	chr1	119071114	EOG090B0E5Z
chr2	99359602	EOG090B022Z	chr1	118993934	EOG090B022Z
chr2	99401241	EOG090B00VU	chr1	118897035	EOG090B00VU
chr2	100393245	EOG090B07BF	chr1	118109327	EOG090B07BF
chr2	101253145	EOG090B08Z6	chr1	117523708	EOG090B08Z6
chr2	102718420	EOG090B0BLU	chr1	116413156	EOG090B0BLU
chr2	102762218	EOG090B0FES	chr1	116366475	EOG090B0FES
chr2	105038093	EOG090B0ARV	chr1	115006888	EOG090B0ARV
chr2	105267383	EOG090B01YB	chr1	114846324	EOG090B01YB
chr2	105337588	EOG090B0DWL	chr1	114816207	EOG090B0DWL
chr2	106094026	EOG090B06ZS	chr1	114194635	EOG090B06ZS
chr2	108452169	EOG090B00HG	chr1	112946342	EOG090B00HG
chr2	108896907	EOG090B04X2	chr1	112534929	EOG090B04X2
chr2	110637964	EOG090B014H	chr3	223048811	EOG090B014H
chr2	112293592	EOG090B01KC	scaffold_48_arrow_ctg1	830450	EOG090B01KC
chr2	112482345	EOG090B07PW	chr3	222241130	EOG090B07PW
chr2	113717775	EOG090B06BZ	chr11	64181586	EOG090B06BZ
chr2	117920343	EOG090B03Y4	chr11	66290137	EOG090B03Y4
chr2	119320420	EOG090B0H3K	chr11	67209723	EOG090B0H3K
chr2	121756641	EOG090B0C36	chr11	71372968	EOG090B0C36
chr2	127257596	EOG090B02FZ	chr11	76076815	EOG090B02FZ
chr2	127488638	EOG090B02KD	chr9	49110188	EOG090B02KD
chr2	127706323	EOG090B01RR	chr9	48853501	EOG090B01RR
chr2	132417043	EOG090B068F	chr11	64094836	EOG090B068F
chr2	134254404	EOG090B02C7	chr11	62936625	EOG090B02C7
chr2	134839418	EOG090B08A5	chr11	62653378	EOG090B08A5
chr2	134964850	EOG090B00PT	chr11	62581398	EOG090B00PT
chr2	135084380	EOG090B01K1	chr11	62523687	EOG090B01K1
chr2	135200342	EOG090B01IE	chr11	62427151	EOG090B01IE
chr2	135741930	EOG090B07S9	chr11	62210196	EOG090B07S9
chr2	135907316	EOG090B05RO	chr11	62050594	EOG090B05RO
chr2	136114869	EOG090B0APX	chr11	61966003	EOG090B0APX
chr2	142879262	EOG090B05LQ	chr11	58269404	EOG090B05LQ
chr2	148458759	EOG090B00SR	chr11	54951520	EOG090B00SR
chr2	149437709	EOG090B0GM5	chr11	54366416	EOG090B0GM5
chr2	151270693	EOG090B09RY	chr11	53232707	EOG090B09RY
chr2	151357667	EOG090B0C9A	chr11	53199063	EOG090B0C9A
chr2	152643140	EOG090B04LL	chr11	52221801	EOG090B04LL
chr2	156477632	EOG090B02TY	chr11	50169430	EOG090B02TY
chr2	158168411	EOG090B04PF	chr11	49255286	EOG090B04PF
chr2	159729023	EOG090B053K	chr11	48233405	EOG090B053K
chr2	164898437	EOG090B06YT	chr11	45247731	EOG090B06YT
chr2	165870964	EOG090B00PS	chr11	44554258	EOG090B00PS
chr2	168871431	EOG090B0GVF	chr11	42870054	EOG090B0GVF
chr2	169645841	EOG090B06J0	chr11	42196701	EOG090B06J0
chr2	169735015	EOG090B03P9	chr11	42167161	EOG090B03P9
chr2	171434578	EOG090B051U	chr11	41015303	EOG090B051U
chr2	171522546	EOG090B0BT3	chr11	40989320	EOG090B0BT3
chr2	171935946	EOG090B06MJ	chr11	40713001	EOG090B06MJ
chr2	175074609	EOG090B068P	chr11	38468977	EOG090B068P
chr2	176311494	EOG090B0BZC	chr11	37677966	EOG090B0BZC
chr2	177413963	EOG090B03H2	chr11	36856309	EOG090B03H2
chr2	178112547	EOG090B07KU	chr11	36528429	EOG090B07KU
chr2	178465770	EOG090B0F37	chr11	36223866	EOG090B0F37
chr2	178480870	EOG090B0AOL	chr11	36200934	EOG090B0AOL
chr2	179109899	EOG090B036E	chr11	35593583	EOG090B036E
chr2	182718087	EOG090B022H	chr11	33514043	EOG090B022H
chr2	183128298	EOG090B0A78	chr11	33239489	EOG090B0A78
chr2	186486383	EOG090B08VF	chr11	31382727	EOG090B08VF
chr2	186590339	EOG090B01K5	chr11	31286077	EOG090B01K5
chr2	189666133	EOG090B038V	chr11	29005314	EOG090B038V
chr2	189750578	EOG090B08WS	chr11	28930863	EOG090B08WS
chr2	190205117	EOG090B06SU	chr11	28572756	EOG090B06SU
chr2	190436030	EOG090B06SR	chr11	28474219	EOG090B06SR
chr2	190646389	EOG090B0511	chr11	28367842	EOG090B0511
chr2	197572008	EOG090B04UR	chr11	23788272	EOG090B04UR
chr2	197705406	EOG090B03HV	chr9	65732909	EOG090B03HV
chr2	199911439	EOG090B08G7	chr11	22385460	EOG090B08G7
chr2	200891944	EOG090B082C	chr11	21777822	EOG090B082C
chr2	200911301	EOG090B05FK	chr11	21750934	EOG090B05FK
chr2	202265942	EOG090B06PE	chr11	20737466	EOG090B06PE
chr2	203239063	EOG090B07ZK	chr11	20015357	EOG090B07ZK
chr2	206004368	EOG090B02JL	chr11	18131620	EOG090B02JL
chr2	206176180	EOG090B082S	chr11	18077446	EOG090B082S
chr2	206410084	EOG090B0BGR	chr6	32055702	EOG090B0BGR
chr2	206738483	EOG090B069E	chr11	17644230	EOG090B069E
chr2	207613046	EOG090B0DHI	chr11	17232172	EOG090B0DHI
chr2	207888696	EOG090B03P8	chr11	16990928	EOG090B03P8
chr2	208271520	EOG090B007C	chr11	16679941	EOG090B007C
chr2	210188961	EOG090B078J	chr11	15406989	EOG090B078J
chr2	210568210	EOG090B00GH	chr11	15109370	EOG090B00GH
chr2	215312143	EOG090B0450	chr11	12032330	EOG090B0450
chr2	216109173	EOG090B03FN	chr11	76316848	EOG090B03FN
chr2	218265016	EOG090B07DP	chr11	78451280	EOG090B07DP
chr2	218568955	EOG090B09X0	chr11	78793057	EOG090B09X0
chr2	218663957	EOG090B073I	chr11	78882122	EOG090B073I
chr2	219172586	EOG090B092I	chr11	79659920	EOG090B092I
chr2	219230258	EOG090B04ML	chr11	79795837	EOG090B04ML
chr2	219246000	EOG090B09HW	chr11	79832091	EOG090B09HW
chr2	219374292	EOG090B05NH	chr11	80055206	EOG090B05NH
chr2	219598009	EOG090B01FI	chr11	80727696	EOG090B01FI
chr2	222462099	EOG090B0973	chr9	38580149	EOG090B0973
chr2	222596245	EOG090B03ZN	chr9	38518272	EOG090B03ZN
chr2	223052145	EOG090B0GF6	chr9	38237685	EOG090B0GF6
chr2	223957473	EOG090B0BFB	chr9	35602509	EOG090B0BFB
chr2	224400419	EOG090B0C2Q	chr9	37633613	EOG090B0C2Q
chr2	226864694	EOG090B0CEX	chr9	35956144	EOG090B0CEX
chr2	227981717	EOG090B00JZ	chr9	35283599	EOG090B00JZ
chr2	229025632	EOG090B0FZP	chr9	34781761	EOG090B0FZP
chr2	229767554	EOG090B009G	chr9	34140450	EOG090B009G
chr2	231057026	EOG090B01TS	chr9	6261673	EOG090B01TS
chr2	231206239	EOG090B035N	chr9	6432926	EOG090B035N
chr2	231732952	EOG090B0G4Q	chr9	6975719	EOG090B0G4Q
chr2	232768191	EOG090B0AI7	chr9	49723741	EOG090B0AI7
chr2	232879489	EOG090B04QF	chr9	49568507	EOG090B04QF
chr2	233251828	EOG090B040H	chr9	49315161	EOG090B040H
chr2	237085965	EOG090B0GB2	chr11	6094753	EOG090B0GB2
chr2	239988265	EOG090B087D	chr11	478784	EOG090B087D
chr2	241583974	EOG090B05XA	chr9	56904308	EOG090B05XA
chr2	241676127	EOG090B0E5V	chr9	56810952	EOG090B0E5V
chr3	3126910	EOG090B066N	chr7	116657667	EOG090B066N
chr3	3150865	EOG090B06HY	chr7	116603287	EOG090B06HY
chr3	5187806	EOG090B04OV	chr7	115400930	EOG090B04OV
chr3	8916758	EOG090B06YI	chr7	113113823	EOG090B06YI
chr3	9365069	EOG090B04V8	chr7	112653169	EOG090B04V8
chr3	9428939	EOG090B0135	chr7	131001720	EOG090B0135
chr3	9734141	EOG090B00WE	chr7	130717739	EOG090B00WE
chr3	11259038	EOG090B08OS	chr7	91592285	EOG090B08OS
chr3	13474104	EOG090B08HX	chr7	95109817	EOG090B08HX
chr3	14125194	EOG090B08HT	chr7	110505062	EOG090B08HT
chr3	14145941	EOG090B02FA	chr7	110522995	EOG090B02FA
chr3	14651837	EOG090B08AG	chr7	111404827	EOG090B08AG
chr3	15052441	EOG090B0ETS	chr7	111818479	EOG090B0ETS
chr3	15073782	EOG090B03AC	chr7	111826757	EOG090B03AC
chr3	15206496	EOG090B01WJ	chr2	78630455	EOG090B01WJ
chr3	15411256	EOG090B09TB	chr2	78519479	EOG090B09TB
chr3	16276570	EOG090B08ZV	chr2	66197244	EOG090B08ZV
chr3	19879631	EOG090B03QR	chr2	68701536	EOG090B03QR
chr3	25719460	EOG090B03RY	chr2	72173481	EOG090B03RY
chr3	26709673	EOG090B0B0Z	chr2	72648053	EOG090B0B0Z
chr3	32685461	EOG090B02NL	chr2	76477876	EOG090B02NL
chr3	32873872	EOG090B03MK	chr2	76554146	EOG090B03MK
chr3	33152742	EOG090B04CJ	chr2	84942070	EOG090B04CJ
chr3	33798729	EOG090B02MN	chr2	85616918	EOG090B02MN
chr3	36464871	EOG090B07B8	chr2	87022657	EOG090B07B8
chr3	36993548	EOG090B02PS	chr2	87484603	EOG090B02PS
chr3	37281333	EOG090B00CA	chr2	87705451	EOG090B00CA
chr3	37789918	EOG090B0EBN	chr3	83441419	EOG090B0EBN
chr3	38040719	EOG090B00FD	chr2	10801637	EOG090B00FD
chr3	38138662	EOG090B0BK0	chr2	11108941	EOG090B0BK0
chr3	38347124	EOG090B04N3	chr2	14104538	EOG090B04N3
chr3	39052026	EOG090B02Y6	chr2	12095885	EOG090B02Y6
chr3	42730463	EOG090B05RF	chr2	7075439	EOG090B05RF
chr3	44346343	EOG090B05QW	chr2	76743510	EOG090B05QW
chr3	44976278	EOG090B09XA	chr2	82075637	EOG090B09XA
chr3	45427245	EOG090B01H7	chr2	81692077	EOG090B01H7
chr3	45827352	EOG090B0B06	chr2	81439777	EOG090B0B06
chr3	47017093	EOG090B0067	chr2	3138902	EOG090B0067
chr3	47496069	EOG090B0E2C	chr2	2061643	EOG090B0E2C
chr3	48294637	EOG090B0IQM	chr1	369896278	EOG090B0IQM
chr3	48432408	EOG090B08XO	chr7	131563007	EOG090B08XO
chr3	48927559	EOG090B05KB	chr7	129756129	EOG090B05KB
chr3	49015588	EOG090B04IQ	chr7	129845501	EOG090B04IQ
chr3	49424833	EOG090B0F8G	chr7	78306017	EOG090B0F8G
chr3	49727122	EOG090B071Q	chr4	139225266	EOG090B071Q
chr3	49829103	EOG090B05Y2	chr7	79926813	EOG090B05Y2
chr3	49909014	EOG090B04OJ	chr7	80346039	EOG090B04OJ
chr3	50557079	EOG090B0JCC	chr7	85309542	EOG090B0JCC
chr3	50571123	EOG090B09KH	chr7	85248854	EOG090B09KH
chr3	51933506	EOG090B06EV	chr7	83668493	EOG090B06EV
chr3	52290436	EOG090B0521	chr7	82943202	EOG090B0521
chr3	52681206	EOG090B079C	chr7	86972887	EOG090B079C
chr3	52694845	EOG090B09B2	chr7	86996427	EOG090B09B2
chr3	52706247	EOG090B0J13	chr7	87017356	EOG090B0J13
chr3	53090262	EOG090B0700	chr7	88079965	EOG090B0700
chr3	53287580	EOG090B0487	chr7	102675571	EOG090B0487
chr3	53817777	EOG090B035M	chr7	103131046	EOG090B035M
chr3	53868719	EOG090B03U3	chr7	103193744	EOG090B03U3
chr3	56563684	EOG090B034F	chr7	105254763	EOG090B034F
chr3	57096393	EOG090B02WP	chr7	105680514	EOG090B02WP
chr3	58428034	EOG090B07WG	chr7	129417429	EOG090B07WG
chr3	63834132	EOG090B0F1Z	chr7	125763047	EOG090B0F1Z
chr3	63912599	EOG090B03VB	chr7	125642823	EOG090B03VB
chr3	64010668	EOG090B066V	chr7	125619063	EOG090B066V
chr3	66221095	EOG090B0BIT	chr7	124075049	EOG090B0BIT
chr3	66998356	EOG090B03FV	chr7	123606577	EOG090B03FV
chr3	68977618	EOG090B041W	chr7	122334943	EOG090B041W
chr3	69017985	EOG090B01Q5	chr7	122294802	EOG090B01Q5
chr3	86950430	EOG090B0APG	chr1	187841451	EOG090B0APG
chr3	87227523	EOG090B0GLN	chr1	187981888	EOG090B0GLN
chr3	88150053	EOG090B0ARZ	chr1	195472260	EOG090B0ARZ
chr3	88318636	EOG090B034Y	chr9	8109236	EOG090B034Y
chr3	94014385	EOG090B0BWJ	chr1	194054523	EOG090B0BWJ
chr3	94063127	EOG090B08ZQ	chr1	193937065	EOG090B08ZQ
chr3	96761314	EOG090B0H4O	chr2	80836193	EOG090B0H4O
chr3	98565002	EOG090B06J6	chr1	203632752	EOG090B06J6
chr3	99830414	EOG090B01WY	chr1	202522838	EOG090B01WY
chr3	100147011	EOG090B0B33	chr1	202837251	EOG090B0B33
chr3	100264884	EOG090B03B9	chr1	202436087	EOG090B03B9
chr3	100335651	EOG090B0AVT	chr1	202401162	EOG090B0AVT
chr3	100365564	EOG090B04G4	chr1	202364942	EOG090B04G4
chr3	101562071	EOG090B0816	chr1	201446546	EOG090B0816
chr3	101724677	EOG090B02PC	chr1	201338921	EOG090B02PC
chr3	101849629	EOG090B063L	chr1	201251868	EOG090B063L
chr3	108162477	EOG090B08DR	chr1	197905919	EOG090B08DR
chr3	108551149	EOG090B020B	chr1	197726843	EOG090B020B
chr3	111705469	EOG090B0AE7	chr1	196200286	EOG090B0AE7
chr3	112532699	EOG090B0AHJ	chr1	204831800	EOG090B0AHJ
chr3	112563404	EOG090B07JI	chr1	204870731	EOG090B07JI
chr3	112605417	EOG090B04BN	chr1	204901478	EOG090B04BN
chr3	112991000	EOG090B0DUS	chr1	205112608	EOG090B0DUS
chr3	113647173	EOG090B007O	chr1	212613619	EOG090B007O
chr3	113721760	EOG090B0EY1	chr1	212707517	EOG090B0EY1
chr3	113961324	EOG090B039I	chr1	205805675	EOG090B039I
chr3	114056850	EOG090B0989	chr1	205845595	EOG090B0989
chr3	115663779	EOG090B0J6F	chr1	206970071	EOG090B0J6F
chr3	118902520	EOG090B05LJ	chr1	208982079	EOG090B05LJ
chr3	119212549	EOG090B09XZ	chr1	209556482	EOG090B09XZ
chr3	119469022	EOG090B06MI	chr1	189088918	EOG090B06MI
chr3	119498734	EOG090B0AQK	chr1	189124864	EOG090B0AQK
chr3	119703099	EOG090B030Y	chr1	210569894	EOG090B030Y
chr3	120628380	EOG090B05MI	chr1	211289284	EOG090B05MI
chr3	120750553	EOG090B087O	chr5	58546858	EOG090B087O
chr3	121770345	EOG090B067P	chr11	71224190	EOG090B067P
chr3	122254190	EOG090B01Y3	chr1	214670237	EOG090B01Y3
chr3	122740345	EOG090B04QQ	chr11	70930382	EOG090B04QQ
chr3	122910143	EOG090B012Z	chr11	70651194	EOG090B012Z
chr3	124730472	EOG090B05E3	chr11	68477305	EOG090B05E3
chr3	124973707	EOG090B083Z	chr11	68217765	EOG090B083Z
chr3	125232341	EOG090B02PV	chr11	68004981	EOG090B02PV
chr3	127599339	EOG090B0298	chr7	108424035	EOG090B0298
chr3	127642587	EOG090B04G7	chr7	108372342	EOG090B04G7
chr3	127673026	EOG090B0583	chr7	108316332	EOG090B0583
chr3	127692198	EOG090B09NQ	chr7	108214122	EOG090B09NQ
chr3	128081250	EOG090B05WE	chr7	108048107	EOG090B05WE
chr3	128620411	EOG090B043X	chr7	107394272	EOG090B043X
chr3	129130081	EOG090B0EQS	chr7	93334238	EOG090B0EQS
chr3	129279733	EOG090B08B2	chr7	107298419	EOG090B08B2
chr3	129431501	EOG090B0E27	chr7	112445833	EOG090B0E27
chr3	129440162	EOG090B00QJ	chr7	112393890	EOG090B00QJ
chr3	129975817	EOG090B0EGY	chr7	111872781	EOG090B0EGY
chr3	130099258	EOG090B09CX	chr10	56262347	EOG090B09CX
chr3	130679315	EOG090B00L4	chr2	79007696	EOG090B00L4
chr3	132432600	EOG090B005N	chr2	80147654	EOG090B005N
chr3	132660538	EOG090B08Y1	chr2	80309111	EOG090B08Y1
chr3	132677313	EOG090B00RM	chr2	80331915	EOG090B00RM
chr3	136250376	EOG090B05NI	chr9	50317131	EOG090B05NI
chr3	136976350	EOG090B0A1V	chr10	55159306	EOG090B0A1V
chr3	138161889	EOG090B05BY	chr9	50665744	EOG090B05BY
chr3	138197298	EOG090B072Q	chr9	50746377	EOG090B072Q
chr3	141260176	EOG090B05OQ	chr9	40529250	EOG090B05OQ
chr3	149474878	EOG090B0EHL	chr9	29078083	EOG090B0EHL
chr3	149741521	EOG090B0DOH	chr9	28929094	EOG090B0DOH
chr3	149982178	EOG090B09PV	chr4	132622068	EOG090B09PV
chr3	152835783	EOG090B07WV	chr9	27059696	EOG090B07WV
chr3	155883749	EOG090B02R8	chr9	25342666	EOG090B02R8
chr3	156677629	EOG090B0522	chr9	25000427	EOG090B0522
chr3	156969351	EOG090B0EIH	chr1	282566520	EOG090B0EIH
chr3	157436934	EOG090B09OI	chr9	24537958	EOG090B09OI
chr3	158802153	EOG090B07D6	chr9	23585066	EOG090B07D6
chr3	159876830	EOG090B0ERQ	chr9	22977565	EOG090B0ERQ
chr3	160101355	EOG090B05HQ	chr2	115914690	EOG090B05HQ
chr3	161212345	EOG090B059X	chr9	21966167	EOG090B059X
chr3	167789129	EOG090B07FN	chr9	18468008	EOG090B07FN
chr3	169084909	EOG090B01C2	chr9	17846987	EOG090B01C2
chr3	169919499	EOG090B058F	chr9	17237085	EOG090B058F
chr3	169966823	EOG090B0C2B	chr9	17192448	EOG090B0C2B
chr3	170360332	EOG090B036R	chr9	16950459	EOG090B036R
chr3	172754531	EOG090B01MV	chr9	15404006	EOG090B01MV
chr3	179025017	EOG090B06YO	chr9	12016763	EOG090B06YO
chr3	180602262	EOG090B03ZI	chr9	11224403	EOG090B03ZI
chr3	180615069	EOG090B03XQ	chr9	11187035	EOG090B03XQ
chr3	181712361	EOG090B0BGS	chr9	10631431	EOG090B0BGS
chr3	182808200	EOG090B0144	chr1	109670708	EOG090B0144
chr3	183015438	EOG090B02O0	chr9	9816951	EOG090B02O0
chr3	183491927	EOG090B03WD	chr9	46479190	EOG090B03WD
chr3	184135386	EOG090B037B	chr9	7965003	EOG090B037B
chr3	184242514	EOG090B088K	chr9	8217284	EOG090B088K
chr3	184299267	EOG090B022F	chr9	8361732	EOG090B022F
chr3	184363493	EOG090B0G5L	chr9	8641668	EOG090B0G5L
chr3	186551150	EOG090B04A5	chr9	52782418	EOG090B04A5
chr3	186570898	EOG090B085X	chr9	52759247	EOG090B085X
chr3	186789969	EOG090B08LO	chr9	9442851	EOG090B08LO
chr3	187669065	EOG090B0KW3	chr9	5300361	EOG090B0KW3
chr3	187722458	EOG090B02GD	chr9	5265639	EOG090B02GD
chr3	189844233	EOG090B036J	chr9	4159746	EOG090B036J
chr3	189957912	EOG090B03ZD	chr9	4101242	EOG090B03ZD
chr3	190589496	EOG090B02GM	chr9	3778297	EOG090B02GM
chr3	192798386	EOG090B063D	chr9	2852005	EOG090B063D
chr3	193241418	EOG090B0FVM	chr9	2534427	EOG090B0FVM
chr3	193618134	EOG090B01QR	chr9	2295423	EOG090B01QR
chr3	194642068	EOG090B049R	chr9	1563754	EOG090B049R
chr3	195069715	EOG090B07LT	chr9	1281229	EOG090B07LT
chr3	196356685	EOG090B05K2	chr9	56490968	EOG090B05K2
chr3	196554211	EOG090B098K	chr9	56414212	EOG090B098K
chr3	196653469	EOG090B03WX	chr9	56346879	EOG090B03WX
chr3	196707551	EOG090B0GGZ	chr9	56279273	EOG090B0GGZ
chr3	196708909	EOG090B0J4N	chr9	56254009	EOG090B0J4N
chr3	196987112	EOG090B02TA	chr9	209241	EOG090B02TA
chr3	197960222	EOG090B0302	chr11	67657248	EOG090B0302
chr4	681958	EOG090B06MM	chr6	8599062	EOG090B06MM
chr4	947740	EOG090B05M9	chr6	8138436	EOG090B05M9
chr4	987085	EOG090B03O7	chr6	8281035	EOG090B03O7
chr4	1343142	EOG090B055J	chr5	16329869	EOG090B055J
chr4	1717180	EOG090B07IB	chr5	17383543	EOG090B07IB
chr4	2250544	EOG090B0EQ1	chr7	9396118	EOG090B0EQ1
chr4	2621254	EOG090B01BH	chr5	20069265	EOG090B01BH
chr4	2742257	EOG090B0D8S	chr5	20191268	EOG090B0D8S
chr4	2818371	EOG090B0520	chr5	20355397	EOG090B0520
chr4	2875916	EOG090B02JR	chr5	20465970	EOG090B02JR
chr4	2930838	EOG090B082D	chr5	20531344	EOG090B082D
chr4	2938831	EOG090B032P	chr5	20576240	EOG090B032P
chr4	3249223	EOG090B0FG9	chr5	21030369	EOG090B0FG9
chr4	3512974	EOG090B0979	chr5	21499451	EOG090B0979
chr4	4188803	EOG090B04SP	chr5	27498477	EOG090B04SP
chr4	4237836	EOG090B0GSF	chr5	27458428	EOG090B0GSF
chr4	5015151	EOG090B0HQD	chr5	26649842	EOG090B0HQD
chr4	6804594	EOG090B00UB	chr5	24824580	EOG090B00UB
chr4	7043580	EOG090B08MD	chr5	24682862	EOG090B08MD
chr4	7060862	EOG090B0ERC	chr5	24664878	EOG090B0ERC
chr4	7647372	EOG090B00VN	chr5	23732675	EOG090B00VN
chr4	8434499	EOG090B03XT	chr5	22871079	EOG090B03XT
chr4	15497889	EOG090B00O2	chr5	30499342	EOG090B00O2
chr4	15605723	EOG090B02UW	chr5	30656516	EOG090B02UW
chr4	17577466	EOG090B0587	chr5	31830098	EOG090B0587
chr4	17811078	EOG090B01SZ	chr5	31985954	EOG090B01SZ
chr4	22387705	EOG090B00TE	chr2	161972503	EOG090B00TE
chr4	25123931	EOG090B063A	chr5	36125185	EOG090B063A
chr4	25312810	EOG090B04UF	chr5	36218773	EOG090B04UF
chr4	26606571	EOG090B04PD	chr5	36791720	EOG090B04PD
chr4	36284080	EOG090B02N1	chr5	43002088	EOG090B02N1
chr4	37413475	EOG090B00B0	chr5	43656181	EOG090B00B0
chr4	38001698	EOG090B00PZ	chr5	44015087	EOG090B00PZ
chr4	38890185	EOG090B06UC	chr5	44510855	EOG090B06UC
chr4	39288761	EOG090B01MG	chr5	44867498	EOG090B01MG
chr4	39459118	EOG090B07UK	chr5	45013030	EOG090B07UK
chr4	40243387	EOG090B0DYF	chr5	45586617	EOG090B0DYF
chr4	40425904	EOG090B04H7	chr5	45706740	EOG090B04H7
chr4	41256977	EOG090B0D0I	chr5	46296234	EOG090B0D0I
chr4	41935485	EOG090B0BMG	chr5	46787224	EOG090B0BMG
chr4	42001654	EOG090B07Y3	chr5	46809800	EOG090B07Y3
chr4	42105013	EOG090B06KW	chr5	46906073	EOG090B06KW
chr4	42946968	EOG090B0B7K	chr5	47456855	EOG090B0B7K
chr4	44672336	EOG090B044V	chr5	48306633	EOG090B044V
chr4	47451645	EOG090B0FOM	chr5	49870824	EOG090B0FOM
chr4	48352580	EOG090B058E	chr5	50750237	EOG090B058E
chr4	48483562	EOG090B07D4	chr5	50843732	EOG090B07D4
chr4	48499422	EOG090B0039	chr5	50860570	EOG090B0039
chr4	52023957	EOG090B0A07	chr5	51540868	EOG090B0A07
chr4	52059632	EOG090B08KB	chr5	51589525	EOG090B08KB
chr4	55346337	EOG090B09DW	chr5	53444578	EOG090B09DW
chr4	55396190	EOG090B0BVT	chr5	53472203	EOG090B0BVT
chr4	56338402	EOG090B01FF	chr5	54386183	EOG090B01FF
chr4	56375364	EOG090B04NY	chr5	54410816	EOG090B04NY
chr4	56467636	EOG090B041K	chr5	142728358	EOG090B041K
chr4	56978986	EOG090B00VK	chr5	142487067	EOG090B00VK
chr4	67618997	EOG090B0183	chr5	136003043	EOG090B0183
chr4	68314099	EOG090B04N4	chr5	135772966	EOG090B04N4
chr4	70688678	EOG090B0ADH	chr5	131396667	EOG090B0ADH
chr4	70749263	EOG090B05I8	chr5	131430472	EOG090B05I8
chr4	73058114	EOG090B0CGU	chr5	132892374	EOG090B0CGU
chr4	73571693	EOG090B09VF	chr5	133167447	EOG090B09VF
chr4	75482538	EOG090B0AQH	chr5	134135828	EOG090B0AQH
chr4	76105620	EOG090B06WM	chr5	131146454	EOG090B06WM
chr4	77043096	EOG090B07RF	chr5	130552170	EOG090B07RF
chr4	81031285	EOG090B07VD	chr5	128110653	EOG090B07VD
chr4	82430830	EOG090B0BO7	chr5	127433805	EOG090B0BO7
chr4	82485511	EOG090B0CZ3	chr5	127396498	EOG090B0CZ3
chr4	82928102	EOG090B02WB	chr5	127143816	EOG090B02WB
chr4	83035225	EOG090B07H5	chr5	127099470	EOG090B07H5
chr4	83264199	EOG090B0ANN	chr5	126960238	EOG090B0ANN
chr4	83295344	EOG090B05M2	chr5	126921368	EOG090B05M2
chr4	98323675	EOG090B06OW	chr5	108131035	EOG090B06OW
chr4	99564096	EOG090B01QK	chr5	108803792	EOG090B01QK
chr4	99881994	EOG090B0HWF	chr5	108985814	EOG090B0HWF
chr4	102869085	EOG090B0JWN	chr5	110653986	EOG090B0JWN
chr4	105230244	EOG090B009Q	chr5	111818477	EOG090B009Q
chr4	105682733	EOG090B0CYN	chr5	112032311	EOG090B0CYN
chr4	105717614	EOG090B03FT	chr5	112077864	EOG090B03FT
chr4	106154364	EOG090B01KN	chr5	112366285	EOG090B01KN
chr4	110476415	EOG090B01ET	chr5	115270268	EOG090B01ET
chr4	112175822	EOG090B0IOG	chr5	116236218	EOG090B0IOG
chr4	112242484	EOG090B0BI8	chr5	116290772	EOG090B0BI8
chr4	114622881	EOG090B04QH	chr5	107081880	EOG090B04QH
chr4	115920887	EOG090B08C1	chr2	80773249	EOG090B08C1
chr4	118685535	EOG090B07LW	chr5	104778397	EOG090B07LW
chr4	121036264	EOG090B04EN	chr5	103414686	EOG090B04EN
chr4	121801425	EOG090B07LB	chr5	102979028	EOG090B07LB
chr4	121825860	EOG090B02J4	chr5	102911413	EOG090B02J4
chr4	122892828	EOG090B0C01	chr5	102115962	EOG090B0C01
chr4	126563509	EOG090B07UD	chr2	45829872	EOG090B07UD
chr4	127920630	EOG090B06VL	chr5	98837850	EOG090B06VL
chr4	127964261	EOG090B05J9	chr5	98790311	EOG090B05J9
chr4	128932810	EOG090B0404	chr5	98309481	EOG090B0404
chr4	139511663	EOG090B07KI	chr5	91848782	EOG090B07KI
chr4	140525429	EOG090B09I1	chr5	91067255	EOG090B09I1
chr4	141214719	EOG090B0AK0	chr5	90651047	EOG090B0AK0
chr4	143395880	EOG090B03L9	chr5	89399542	EOG090B03L9
chr4	144646676	EOG090B02LB	chr5	88826950	EOG090B02LB
chr4	145639302	EOG090B07U7	chr5	88283964	EOG090B07U7
chr4	147638532	EOG090B0261	chr5	86994621	EOG090B0261
chr4	151671174	EOG090B04BD	chr5	84592679	EOG090B04BD
chr4	152927446	EOG090B0EOW	chr12	8006105	EOG090B0EOW
chr4	153541408	EOG090B00IU	chr5	83237888	EOG090B00IU
chr4	154557576	EOG090B04P0	chr5	82507460	EOG090B04P0
chr4	155771358	EOG090B03EC	chr5	81612103	EOG090B03EC
chr4	155926036	EOG090B08CM	chr5	81499549	EOG090B08CM
chr4	156763090	EOG090B09AG	chr5	80823866	EOG090B09AG
chr4	158109668	EOG090B04FI	chr5	80046738	EOG090B04FI
chr4	158672457	EOG090B037W	chr5	79776067	EOG090B037W
chr4	163494350	EOG090B0F7R	chr5	76921369	EOG090B0F7R
chr4	165079658	EOG090B0CHF	chr5	76070532	EOG090B0CHF
chr4	165461409	EOG090B063E	chr5	75788380	EOG090B063E
chr4	168976878	EOG090B0CDU	chr5	73446339	EOG090B0CDU
chr4	169729578	EOG090B07YN	chr5	72946781	EOG090B07YN
chr4	173233196	EOG090B03L7	chr5	70733937	EOG090B03L7
chr4	174237412	EOG090B0ACQ	chr5	70087840	EOG090B0ACQ
chr4	174299122	EOG090B0AXE	chr5	70037716	EOG090B0AXE
chr4	176104291	EOG090B00R0	chr5	68511923	EOG090B00R0
chr4	177309954	EOG090B03IE	chr5	67742067	EOG090B03IE
chr4	177415508	EOG090B09QC	chr5	67692008	EOG090B09QC
chr4	183641436	EOG090B0G4P	chr5	63475414	EOG090B0G4P
chr4	183663916	EOG090B013X	chr5	63436750	EOG090B013X
chr4	184091177	EOG090B05M1	chr5	63083814	EOG090B05M1
chr4	184559175	EOG090B0J1Z	chr5	114755134	EOG090B0J1Z
chr4	185402261	EOG090B061R	chr5	62237678	EOG090B061R
chr4	186069809	EOG090B030P	chr5	61567050	EOG090B030P
chr4	186153737	EOG090B0GWT	chr4	87534433	EOG090B0GWT
chr4	189941010	EOG090B0D5O	chr5	58606686	EOG090B0D5O
chr4	190041446	EOG090B03P0	chr6	89968039	EOG090B03P0
chr5	191539	EOG090B04VN	chr2	114984635	EOG090B04VN
chr5	218356	EOG090B03CP	chr2	114894506	EOG090B03CP
chr5	892999	EOG090B06T9	chr2	115974541	EOG090B06T9
chr5	1253728	EOG090B01FM	chr2	125461702	EOG090B01FM
chr5	5445297	EOG090B00CX	chr2	126644625	EOG090B00CX
chr5	6353221	EOG090B0H3V	chr2	127391085	EOG090B0H3V
chr5	6587452	EOG090B02AB	chr2	127622691	EOG090B02AB
chr5	6633577	EOG090B0BWG	chr2	127672894	EOG090B0BWG
chr5	7869134	EOG090B02E6	chr2	129247094	EOG090B02E6
chr5	10227441	EOG090B0FHS	chr2	131128558	EOG090B0FHS
chr5	14711197	EOG090B058Y	chr2	136465120	EOG090B058Y
chr5	15925032	EOG090B05CF	chr2	137293952	EOG090B05CF
chr5	16446886	EOG090B07Z3	chr2	137491945	EOG090B07Z3
chr5	16474741	EOG090B07XK	chr2	137551870	EOG090B07XK
chr5	24170389	EOG090B09KP	chr12	14250817	EOG090B09KP
chr5	31401432	EOG090B012Y	chr2	169130230	EOG090B012Y
chr5	31527559	EOG090B06S7	chr2	169243999	EOG090B06S7
chr5	32711777	EOG090B050H	chr6	112857097	EOG090B050H
chr5	33989093	EOG090B07EB	chr6	112314828	EOG090B07EB
chr5	34775971	EOG090B02GB	chr6	111981817	EOG090B02GB
chr5	34908765	EOG090B0AGD	chr6	111845301	EOG090B0AGD
chr5	34929820	EOG090B069P	chr6	111894435	EOG090B069P
chr5	36188220	EOG090B0AA6	chr6	110989415	EOG090B0AA6
chr5	37209367	EOG090B023A	chr1	136160129	EOG090B023A
chr5	37274579	EOG090B00KL	chr6	109906377	EOG090B00KL
chr5	40716145	EOG090B0C83	chr6	107704595	EOG090B0C83
chr5	41925310	EOG090B08TZ	chr6	106941893	EOG090B08TZ
chr5	44808963	EOG090B07MS	chr6	105509096	EOG090B07MS
chr5	54979332	EOG090B0EKQ	chr6	101964182	EOG090B0EKQ
chr5	56909646	EOG090B0BUP	chr6	100379686	EOG090B0BUP
chr5	60597753	EOG090B05ZO	chr6	97910876	EOG090B05ZO
chr5	60873753	EOG090B06VJ	chr6	97702169	EOG090B06VJ
chr5	62389010	EOG090B09YD	chr6	96832116	EOG090B09YD
chr5	65563311	EOG090B03LF	chr6	94648809	EOG090B03LF
chr5	65625061	EOG090B06HX	chr6	94554476	EOG090B06HX
chr5	65992719	EOG090B00NB	chr6	94212943	EOG090B00NB
chr5	66144377	EOG090B0G9A	chr6	94139812	EOG090B0G9A
chr5	69372209	EOG090B06H1	chr6	85550856	EOG090B06H1
chr5	72181229	EOG090B0097	chr6	86158960	EOG090B0097
chr5	72220909	EOG090B075R	chr6	86203561	EOG090B075R
chr5	72320383	EOG090B08ZA	chr6	86264489	EOG090B08ZA
chr5	73567345	EOG090B04HW	chr6	87454226	EOG090B04HW
chr5	74721655	EOG090B02T7	chr6	88189415	EOG090B02T7
chr5	75547023	EOG090B01VH	chr6	88801017	EOG090B01VH
chr5	75675923	EOG090B058J	chr6	88891868	EOG090B058J
chr5	75901397	EOG090B045C	chr11	75833425	EOG090B045C
chr5	77282521	EOG090B04VM	chr6	56758319	EOG090B04VM
chr5	77433135	EOG090B05JE	chr6	90233122	EOG090B05JE
chr5	79983684	EOG090B09Y0	chr6	92247453	EOG090B09Y0
chr5	80138617	EOG090B062J	chr6	92343106	EOG090B062J
chr5	82145894	EOG090B0CTL	chr6	84216980	EOG090B0CTL
chr5	87313354	EOG090B01BF	chr6	80631679	EOG090B01BF
chr5	90518819	EOG090B0BM9	chr6	78855464	EOG090B0BM9
chr5	95555279	EOG090B05VF	chr6	75314284	EOG090B05VF
chr5	95731683	EOG090B03EM	chr6	75186478	EOG090B03EM
chr5	98774071	EOG090B075N	chr6	73437308	EOG090B075N
chr5	102866196	EOG090B01ZW	chr6	71238157	EOG090B01ZW
chr5	103275920	EOG090B0D7I	chr6	71070242	EOG090B0D7I
chr5	103531732	EOG090B05QT	chr6	70930744	EOG090B05QT
chr5	110739120	EOG090B06S5	chr6	66624497	EOG090B06S5
chr5	111092457	EOG090B01X3	chr6	66436040	EOG090B01X3
chr5	112798954	EOG090B006Z	chr6	65242193	EOG090B006Z
chr5	112976934	EOG090B06ST	chr6	65126994	EOG090B06ST
chr5	115126503	EOG090B02BG	chr6	63909424	EOG090B02BG
chr5	115268878	EOG090B07I8	chr6	63758842	EOG090B07I8
chr5	115805433	EOG090B0D5W	chr6	63455271	EOG090B0D5W
chr5	116085053	EOG090B0GH1	chr6	63157412	EOG090B0GH1
chr5	120674373	EOG090B0EGK	chr6	60534911	EOG090B0EGK
chr5	121961925	EOG090B08WG	chr6	59571517	EOG090B08WG
chr5	122391135	EOG090B01VR	chr6	59324320	EOG090B01VR
chr5	123346519	EOG090B01X9	chr6	58637236	EOG090B01X9
chr5	126600963	EOG090B0AZ0	chr6	56727530	EOG090B0AZ0
chr5	127523480	EOG090B089E	chr6	56165147	EOG090B089E
chr5	132557325	EOG090B015P	chr8	15396085	EOG090B015P
chr5	134738621	EOG090B0CFK	chr8	12266161	EOG090B0CFK
chr5	134887796	EOG090B0ANM	chr8	12168085	EOG090B0ANM
chr5	135571853	EOG090B0JM1	chr8	11529343	EOG090B0JM1
chr5	136029056	EOG090B03JC	chr8	11137689	EOG090B03JC
chr5	137857165	EOG090B07HT	chr8	9622910	EOG090B07HT
chr5	137940225	EOG090B01OQ	chr8	9524431	EOG090B01OQ
chr5	138115681	EOG090B0DVB	chr8	9417236	EOG090B0DVB
chr5	138179681	EOG090B029U	chr8	493982	EOG090B029U
chr5	138188978	EOG090B044K	chr8	442497	EOG090B044K
chr5	138873010	EOG090B05HX	chr8	35106224	EOG090B05HX
chr5	139414148	EOG090B0AMA	chr8	35827259	EOG090B0AMA
chr5	140639528	EOG090B056V	chr8	37866634	EOG090B056V
chr5	140700461	EOG090B0GLL	chr8	38027720	EOG090B0GLL
chr5	142314209	EOG090B0943	chr8	16104096	EOG090B0943
chr5	146114106	EOG090B00VD	chr8	18113586	EOG090B00VD
chr5	148394777	EOG090B013Y	chr8	22950654	EOG090B013Y
chr5	148995173	EOG090B00VQ	chr8	21941924	EOG090B00VQ
chr5	149358069	EOG090B066A	chr8	22202544	EOG090B066A
chr5	149977653	EOG090B03QH	chr1	342612201	EOG090B03QH
chr5	150000673	EOG090B00X9	chr8	7277221	EOG090B00X9
chr5	150297214	EOG090B0561	chr12	39740719	EOG090B0561
chr5	150402240	EOG090B0BJV	chr8	6878809	EOG090B0BJV
chr5	150711149	EOG090B05B6	chr8	6621413	EOG090B05B6
chr5	151253217	EOG090B0GPB	chr8	6384613	EOG090B0GPB
chr5	154941111	EOG090B0DE4	chr8	4363873	EOG090B0DE4
chr5	157138730	EOG090B0BAG	chr8	3445134	EOG090B0BAG
chr5	157743751	EOG090B0DGF	chr8	3159945	EOG090B0DGF
chr5	159258608	EOG090B09ZQ	chr8	2215502	EOG090B09ZQ
chr5	160017699	EOG090B0FM9	chr8	23409953	EOG090B0FM9
chr5	160092382	EOG090B07LQ	chr8	23470514	EOG090B07LQ
chr5	160403285	EOG090B05EM	chr8	23718741	EOG090B05EM
chr5	163434834	EOG090B0AG9	chr8	25917141	EOG090B0AG9
chr5	163460693	EOG090B03UM	chr8	25936560	EOG090B03UM
chr5	163503395	EOG090B08XI	chr8	25975839	EOG090B08XI
chr5	172885857	EOG090B0AD6	chr8	20725656	EOG090B0AD6
chr5	173086516	EOG090B045U	chr8	20662347	EOG090B045U
chr5	175484382	EOG090B0A4B	chr7	4545339	EOG090B0A4B
chr5	176384231	EOG090B0GG3	chr8	1618649	EOG090B0GG3
chr5	176476609	EOG090B06WS	chr8	1570255	EOG090B06WS
chr5	177022739	EOG090B0C3R	chr8	1188921	EOG090B0C3R
chr5	177332086	EOG090B0A95	chr8	644344	EOG090B0A95
chr5	177600211	EOG090B09QG	chr8	635812	EOG090B09QG
chr5	178922064	EOG090B0CGC	chr3	189585046	EOG090B0CGC
chr6	529371	EOG090B01P4	chr2	173524427	EOG090B01P4
chr6	1910157	EOG090B07GP	chr2	172604443	EOG090B07GP
chr6	2765623	EOG090B03RF	chr2	172037683	EOG090B03RF
chr6	3118741	EOG090B0C8Y	chr2	174137357	EOG090B0C8Y
chr6	3723619	EOG090B0FRA	chr2	174565365	EOG090B0FRA
chr6	4995078	EOG090B08I7	chr2	175441619	EOG090B08I7
chr6	5368571	EOG090B08VN	chr2	175750100	EOG090B08VN
chr6	7390003	EOG090B069B	chr2	176950761	EOG090B069B
chr6	7590258	EOG090B0C14	chr2	131554014	EOG090B0C14
chr6	8079890	EOG090B0EYZ	chr2	177560157	EOG090B0EYZ
chr6	10689861	EOG090B093Q	chr2	181373398	EOG090B093Q
chr6	13305101	EOG090B0A4M	chr2	181121464	EOG090B0A4M
chr6	13977120	EOG090B0DJZ	chr2	183743101	EOG090B0DJZ
chr6	16129323	EOG090B07XZ	chr2	182363009	EOG090B07XZ
chr6	17616097	EOG090B01FT	chr2	181435058	EOG090B01FT
chr6	18147953	EOG090B0202	chr2	184270427	EOG090B0202
chr6	18235734	EOG090B0EBS	chr2	184314376	EOG090B0EBS
chr6	24134328	EOG090B0DO8	chr2	187964277	EOG090B0DO8
chr6	24403089	EOG090B07XA	chr2	188119473	EOG090B07XA
chr6	24494997	EOG090B06E4	chr2	188188075	EOG090B06E4
chr6	24779902	EOG090B0GD6	chr2	188385089	EOG090B0GD6
chr6	24806373	EOG090B01S1	chr2	188418733	EOG090B01S1
chr6	25121968	EOG090B0B0D	chr1	235986738	EOG090B0B0D
chr6	31810047	EOG090B03QA	chr4	17970037	EOG090B03QA
chr6	35452546	EOG090B09WC	chr4	137587364	EOG090B09WC
chr6	36887662	EOG090B07YW	chr4	136538748	EOG090B07YW
chr6	37432605	EOG090B01ZI	chr3	161071910	EOG090B01ZI
chr6	39906357	EOG090B08AZ	chr3	164174963	EOG090B08AZ
chr6	41067335	EOG090B0EGW	chr4	139460643	EOG090B0EGW
chr6	41079090	EOG090B0FC8	chr4	139472327	EOG090B0FC8
chr6	41907072	EOG090B0DTZ	chr4	140420892	EOG090B0DTZ
chr6	41921563	EOG090B07AB	chr4	140434153	EOG090B07AB
chr6	42050542	EOG090B0CD1	chr4	140504992	EOG090B0CD1
chr6	42208289	EOG090B0EQZ	chr3	182320532	EOG090B0EQZ
chr6	42822023	EOG090B01L8	chr3	182765384	EOG090B01L8
chr6	42929571	EOG090B0I3L	chr3	222162351	EOG090B0I3L
chr6	42960768	EOG090B0D55	chr3	222147706	EOG090B0D55
chr6	43017193	EOG090B06P3	chr3	222022496	EOG090B06P3
chr6	43322613	EOG090B00E7	chr3	159450124	EOG090B00E7
chr6	43499002	EOG090B04S1	chr3	159625764	EOG090B04S1
chr6	43507238	EOG090B0ALV	chr3	159646024	EOG090B0ALV
chr6	43517137	EOG090B0AZ4	chr3	159671685	EOG090B0AZ4
chr6	43635876	EOG090B0C0D	chr3	159759173	EOG090B0C0D
chr6	44113843	EOG090B0GDC	chr3	160536927	EOG090B0GDC
chr6	44939006	EOG090B0AL1	chr3	22835716	EOG090B0AL1
chr6	46161326	EOG090B053U	chr3	23866248	EOG090B053U
chr6	46704560	EOG090B06T6	chr3	24242780	EOG090B06T6
chr6	47489701	EOG090B048G	chr3	24793904	EOG090B048G
chr6	49431728	EOG090B02EG	chr3	22311420	EOG090B02EG
chr6	52403199	EOG090B092Z	chr3	20065093	EOG090B092Z
chr6	52671591	EOG090B0JXI	chr3	54417469	EOG090B0JXI
chr6	53073493	EOG090B06DV	chr3	54591216	EOG090B06DV
chr6	53498756	EOG090B030C	chr3	54823787	EOG090B030C
chr6	57115131	EOG090B01HY	chr3	57364151	EOG090B01HY
chr6	63280021	EOG090B028T	chr3	59601960	EOG090B028T
chr6	63660117	EOG090B00U6	chr3	59824499	EOG090B00U6
chr6	66093431	EOG090B09OU	chr1	57839344	EOG090B09OU
chr6	70577518	EOG090B0J6Z	chr3	65521969	EOG090B0J6Z
chr6	73595077	EOG090B05RZ	chr3	67718694	EOG090B05RZ
chr6	75619734	EOG090B01BK	chr3	69244932	EOG090B01BK
chr6	80005844	EOG090B01Q0	chr3	72036760	EOG090B01Q0
chr6	83003634	EOG090B08D3	chr3	74181620	EOG090B08D3
chr6	83096978	EOG090B0050	chr3	74257070	EOG090B0050
chr6	83169234	EOG090B04NG	chr3	74344463	EOG090B04NG
chr6	83523442	EOG090B0BEW	chr3	74805688	EOG090B0BEW
chr6	84051929	EOG090B0D6Q	chr3	75250312	EOG090B0D6Q
chr6	87085756	EOG090B0HFS	chr3	76977914	EOG090B0HFS
chr6	87336612	EOG090B0K8Z	chr3	77151798	EOG090B0K8Z
chr6	87473004	EOG090B09JT	chr3	77240372	EOG090B09JT
chr6	87514413	EOG090B045V	chr3	77283006	EOG090B045V
chr6	87590169	EOG090B02QN	chr3	77369273	EOG090B02QN
chr6	89323107	EOG090B0CCA	chr3	78781972	EOG090B0CCA
chr6	89846590	EOG090B00GW	chr3	79289952	EOG090B00GW
chr6	89932408	EOG090B023Q	chr3	79358324	EOG090B023Q
chr6	96521874	EOG090B02Q5	chr3	83143624	EOG090B02Q5
chr6	97026552	EOG090B03FW	chr3	83618317	EOG090B03FW
chr6	98874278	EOG090B03AU	chr3	84971403	EOG090B03AU
chr6	99369600	EOG090B09FE	chr3	85396384	EOG090B09FE
chr6	99400281	EOG090B095A	chr3	85423728	EOG090B095A
chr6	106629682	EOG090B04YZ	chr3	91549964	EOG090B04YZ
chr6	107068704	EOG090B02GC	chr3	91754001	EOG090B02GC
chr6	107705200	EOG090B0892	chr3	92184794	EOG090B0892
chr6	107871704	EOG090B02R1	chr3	92343729	EOG090B02R1
chr6	108044785	EOG090B09QH	chr3	92494284	EOG090B09QH
chr6	108169418	EOG090B08V2	chr3	92581524	EOG090B08V2
chr6	109705424	EOG090B01Q3	chr3	93931552	EOG090B01Q3
chr6	110190541	EOG090B0489	chr3	94461674	EOG090B0489
chr6	110958770	EOG090B0EKA	chr3	95145359	EOG090B0EKA
chr6	112307711	EOG090B0EV5	chr3	17376179	EOG090B0EV5
chr6	114057257	EOG090B085Q	chr3	97809081	EOG090B085Q
chr6	116399251	EOG090B01E6	chr3	99287760	EOG090B01E6
chr6	125030601	EOG090B0BGT	chr3	105717855	EOG090B0BGT
chr6	125276146	EOG090B0EFX	chr3	105994839	EOG090B0EFX
chr6	125986551	EOG090B05XR	chr3	106645251	EOG090B05XR
chr6	129247103	EOG090B002I	chr2	207770253	EOG090B002I
chr6	129578513	EOG090B0442	chr3	109253043	EOG090B0442
chr6	130439806	EOG090B05HJ	chr3	109854863	EOG090B05HJ
chr6	131594061	EOG090B00JU	chr3	110812314	EOG090B00JU
chr6	132765233	EOG090B084R	chr3	111951183	EOG090B084R
chr6	133960869	EOG090B0EDU	chr3	112769777	EOG090B0EDU
chr6	133999173	EOG090B0593	chr3	112787547	EOG090B0593
chr6	134918415	EOG090B05DQ	chr3	113436127	EOG090B05DQ
chr6	136822696	EOG090B0A37	chr3	114995658	EOG090B0A37
chr6	137853610	EOG090B0219	chr3	115744398	EOG090B0219
chr6	139152244	EOG090B055U	chr3	116723675	EOG090B055U
chr6	142147288	EOG090B0B6A	chr3	118410817	EOG090B0B6A
chr6	143451043	EOG090B09SP	chr3	119288861	EOG090B09SP
chr6	145627416	EOG090B0BST	chr3	120866791	EOG090B0BST
chr6	149501880	EOG090B076V	chr3	123975410	EOG090B076V
chr6	150385416	EOG090B0B2Z	chr3	124523261	EOG090B0B2Z
chr6	150749003	EOG090B00J3	chr3	124837999	EOG090B00J3
chr6	151365521	EOG090B05T9	chr3	125415273	EOG090B05T9
chr6	151392390	EOG090B06KC	chr3	125436042	EOG090B06KC
chr6	151452546	EOG090B05KZ	chr3	125475235	EOG090B05KZ
chr6	155257836	EOG090B08DS	chr3	128676319	EOG090B08DS
chr6	158572407	EOG090B069D	chr3	131024970	EOG090B069D
chr6	159211733	EOG090B023B	chr3	131486500	EOG090B023B
chr6	168307432	EOG090B08A1	chr3	138897919	EOG090B08A1
chr6	169704003	EOG090B06HJ	chr3	140073389	EOG090B06HJ
chr6	170307824	EOG090B02OQ	chr3	140596986	EOG090B02OQ
chr6	170535220	EOG090B0C50	chr3	79517199	EOG090B0C50
chr7	726721	EOG090B046Z	chr10	72891418	EOG090B046Z
chr7	876646	EOG090B0B2X	chr10	73011134	EOG090B0B2X
chr7	1057516	EOG090B0CIK	chr10	73382554	EOG090B0CIK
chr7	1091768	EOG090B080Z	chr10	73437331	EOG090B080Z
chr7	1460196	EOG090B006Y	chr10	73851124	EOG090B006Y
chr7	2235122	EOG090B0BR5	chr10	74801963	EOG090B0BR5
chr7	2244575	EOG090B0IFH	chr10	74806260	EOG090B0IFH
chr7	2255056	EOG090B0617	chr10	74826955	EOG090B0617
chr7	2354922	EOG090B035S	chr10	74860048	EOG090B035S
chr7	2432640	EOG090B07G3	chr10	74943905	EOG090B07G3
chr7	2538069	EOG090B0316	chr10	75316720	EOG090B0316
chr7	2571591	EOG090B03R1	chr10	75286523	EOG090B03R1
chr7	4775716	EOG090B024C	chr10	76593108	EOG090B024C
chr7	5481775	EOG090B0580	chr10	77083891	EOG090B0580
chr7	5623841	EOG090B01L3	chr10	77255208	EOG090B01L3
chr7	5898800	EOG090B09SD	chr10	70756229	EOG090B09SD
chr7	6009433	EOG090B09QL	chr10	70681938	EOG090B09QL
chr7	6024673	EOG090B03WC	chr10	70637635	EOG090B03WC
chr7	6409837	EOG090B03FD	chr10	70388299	EOG090B03FD
chr7	6580562	EOG090B09CT	chr10	83225915	EOG090B09CT
chr7	6590284	EOG090B073H	chr10	53471473	EOG090B073H
chr7	7572476	EOG090B01J3	chr2	49915066	EOG090B01J3
chr7	16462548	EOG090B0D23	chr2	56140535	EOG090B0D23
chr7	19144862	EOG090B0J1D	chr2	58092282	EOG090B0J1D
chr7	19698316	EOG090B0B05	chr2	58344956	EOG090B0B05
chr7	19722075	EOG090B0H67	chr2	58378763	EOG090B0H67
chr7	20140946	EOG090B02Y8	chr2	58590786	EOG090B02Y8
chr7	23165815	EOG090B0IF5	chr2	60681454	EOG090B0IF5
chr7	23611316	EOG090B0GZG	chr2	252204759	EOG090B0GZG
chr7	27458163	EOG090B0FUV	chr17	16548528	EOG090B0FUV
chr7	30446963	EOG090B02WC	chr2	78234851	EOG090B02WC
chr7	31338255	EOG090B0COL	chr2	88227920	EOG090B0COL
chr7	35186047	EOG090B0EZQ	chr2	90619861	EOG090B0EZQ
chr7	35633690	EOG090B08SM	chr2	90981497	EOG090B08SM
chr7	38726246	EOG090B01XL	chr2	93354168	EOG090B01XL
chr7	39566419	EOG090B0CNH	chr2	94062183	EOG090B0CNH
chr7	41946831	EOG090B00IJ	chr2	95288894	EOG090B00IJ
chr7	42909635	EOG090B06I8	chr2	95892933	EOG090B06I8
chr7	42932387	EOG090B0H6C	chr2	95913479	EOG090B0H6C
chr7	43771675	EOG090B0APH	chr2	96626984	EOG090B0APH
chr7	45027705	EOG090B07EN	chr2	2446330	EOG090B07EN
chr7	54542731	EOG090B0F0C	chr2	108108466	EOG090B0F0C
chr7	56011762	EOG090B0BUA	chr17	12990496	EOG090B0BUA
chr7	65939571	EOG090B0HV3	chr17	12891047	EOG090B0HV3
chr7	65960748	EOG090B040R	chr17	12861224	EOG090B040R
chr7	66927213	EOG090B08ZU	chr17	12593025	EOG090B08ZU
chr7	66975501	EOG090B0D0S	chr17	13060575	EOG090B0D0S
chr7	73328429	EOG090B09T3	chr17	21946303	EOG090B09T3
chr7	73570507	EOG090B08XC	chr17	24656627	EOG090B08XC
chr7	73683654	EOG090B0B6P	chr17	24203520	EOG090B0B6P
chr7	73736559	EOG090B0B4W	chr17	23301426	EOG090B0B4W
chr7	74232106	EOG090B09AK	chr17	16488496	EOG090B09AK
chr7	74774032	EOG090B09QF	chr17	15981728	EOG090B09QF
chr7	75996468	EOG090B0AGT	chr17	19639589	EOG090B0AGT
chr7	84999440	EOG090B021E	chr1	349801390	EOG090B021E
chr7	87164942	EOG090B0406	chr1	351268752	EOG090B0406
chr7	87196118	EOG090B0K9T	chr1	351317514	EOG090B0K9T
chr7	90256040	EOG090B037Q	chr2	43911879	EOG090B037Q
chr7	90412677	EOG090B0AOV	chr2	44028906	EOG090B0AOV
chr7	92113665	EOG090B04Z8	chr2	45348694	EOG090B04Z8
chr7	92200736	EOG090B02GK	chr2	45429099	EOG090B02GK
chr7	92447730	EOG090B0E3E	chr2	45692305	EOG090B0E3E
chr7	93189912	EOG090B05L6	chr2	46362360	EOG090B05L6
chr7	94509677	EOG090B01WP	chr2	47688748	EOG090B01WP
chr7	94584451	EOG090B0550	chr2	47777948	EOG090B0550
chr7	97005978	EOG090B0FQE	chr2	49156477	EOG090B0FQE
chr7	98136044	EOG090B00XC	chr10	70916206	EOG090B00XC
chr7	99411093	EOG090B0FU4	chr10	77631395	EOG090B0FU4
chr7	101316302	EOG090B0EXN	chr17	17851381	EOG090B0EXN
chr7	102396412	EOG090B0HXJ	chr17	18884377	EOG090B0HXJ
chr7	102457394	EOG090B0CM0	chr17	18927572	EOG090B0CM0
chr7	102666928	EOG090B0HA0	chr17	18954398	EOG090B0HA0
chr7	102749208	EOG090B0BUU	chr1	343037415	EOG090B0BUU
chr7	103103429	EOG090B05H4	chr1	342762585	EOG090B05H4
chr7	103312569	EOG090B05DJ	chr1	342673882	EOG090B05DJ
chr7	104125463	EOG090B06RP	chr1	341914717	EOG090B06RP
chr7	105532316	EOG090B02EV	chr1	340626152	EOG090B02EV
chr7	107567086	EOG090B08YD	chr1	338962631	EOG090B08YD
chr7	107889243	EOG090B04U2	chr1	338694393	EOG090B04U2
chr7	112283037	EOG090B08H7	chr1	316051128	EOG090B08H7
chr7	112821744	EOG090B07JN	chr1	316446830	EOG090B07JN
chr7	115940551	EOG090B0AUT	chr1	318761485	EOG090B0AUT
chr7	117489425	EOG090B00PC	chr1	320084212	EOG090B00PC
chr7	120788592	EOG090B0BO6	chr1	322399977	EOG090B0BO6
chr7	122066653	EOG090B01GE	chr1	323401568	EOG090B01GE
chr7	123452743	EOG090B030B	chr1	324491021	EOG090B030B
chr7	127373338	EOG090B038Y	chr1	327113906	EOG090B038Y
chr7	127582014	EOG090B05Q3	chr1	366949803	EOG090B05Q3
chr7	128957255	EOG090B01IX	chr1	364467565	EOG090B01IX
chr7	129659100	EOG090B06YG	chr1	363216341	EOG090B06YG
chr7	130018664	EOG090B05UW	chr1	362917057	EOG090B05UW
chr7	130166451	EOG090B05KC	chr1	362774731	EOG090B05KC
chr7	130398891	EOG090B081F	chr1	362656627	EOG090B081F
chr7	134127368	EOG090B01QX	chr1	361281271	EOG090B01QX
chr7	134294833	EOG090B08P1	chr1	361376531	EOG090B08P1
chr7	134646839	EOG090B0BWI	chr1	249760083	EOG090B0BWI
chr7	135557945	EOG090B008M	chr1	277393147	EOG090B008M
chr7	135681563	EOG090B03U5	chr1	257088258	EOG090B03U5
chr7	137236594	EOG090B0HYV	chr1	258136712	EOG090B0HYV
chr7	138592245	EOG090B05FF	chr1	260574675	EOG090B05FF
chr7	140091094	EOG090B044X	chr1	259871477	EOG090B044X
chr7	140335412	EOG090B0566	chr1	259750436	EOG090B0566
chr7	141728950	EOG090B0H18	chr1	258763308	EOG090B0H18
chr7	151341777	EOG090B054K	chr2	14211872	EOG090B054K
chr7	152648642	EOG090B0BP2	chr2	15459138	EOG090B0BP2
chr7	154946334	EOG090B02JC	chr2	17251726	EOG090B02JC
chr7	156949738	EOG090B047Y	chr2	18955061	EOG090B047Y
chr7	158891904	EOG090B01NH	chr2	21055272	EOG090B01NH
chr8	9140794	EOG090B0BSN	chr5	143612368	EOG090B0BSN
chr8	17577253	EOG090B08C0	chr5	58079084	EOG090B08C0
chr8	17933185	EOG090B00F1	chr5	58456870	EOG090B00F1
chr8	19817538	EOG090B02P4	chr5	135430939	EOG090B02P4
chr8	22621422	EOG090B0BS4	chr2	157820548	EOG090B0BS4
chr8	23246696	EOG090B08K7	chr2	157412109	EOG090B08K7
chr8	23287929	EOG090B03SN	chr2	157370276	EOG090B03SN
chr8	26379790	EOG090B047O	chr5	131266426	EOG090B047O
chr8	26846663	EOG090B06EY	chr2	155604429	EOG090B06EY
chr8	27810305	EOG090B09OB	chr3	13150007	EOG090B09OB
chr8	28093215	EOG090B041I	chr3	15334506	EOG090B041I
chr8	28432550	EOG090B07SX	chr3	15515260	EOG090B07SX
chr8	28716060	EOG090B01DR	chr3	15892876	EOG090B01DR
chr8	28768146	EOG090B0310	chr3	16007004	EOG090B0310
chr8	30063824	EOG090B0C4D	chr5	142685592	EOG090B0C4D
chr8	30331961	EOG090B0IEW	chr10	31834952	EOG090B0IEW
chr8	30578921	EOG090B0B4A	chr5	134785910	EOG090B0B4A
chr8	30679520	EOG090B056T	chr5	135235012	EOG090B056T
chr8	33485207	EOG090B0CE6	chr2	159838602	EOG090B0CE6
chr8	37763061	EOG090B0BWD	chr2	161857884	EOG090B0BWD
chr8	38105551	EOG090B03U7	chr2	162364459	EOG090B03U7
chr8	38144273	EOG090B08WE	chr2	162381918	EOG090B08WE
chr8	40153533	EOG090B0IYI	chr19	475922	EOG090B0IYI
chr8	41529198	EOG090B0D3H	chr19	1093523	EOG090B0D3H
chr8	42175993	EOG090B03RX	chr19	1445918	EOG090B03RX
chr8	42338625	EOG090B0ANY	chr2	164679717	EOG090B0ANY
chr8	42856159	EOG090B0C4Z	chr6	6575247	EOG090B0C4Z
chr8	43103549	EOG090B07WW	chr5	135507113	EOG090B07WW
chr8	47961145	EOG090B01Y7	chr2	222118087	EOG090B01Y7
chr8	52093201	EOG090B01CL	chr2	224910231	EOG090B01CL
chr8	52623782	EOG090B00J8	chr2	225545109	EOG090B00J8
chr8	53741178	EOG090B0571	chr2	226312694	EOG090B0571
chr8	54135284	EOG090B09SV	chr2	226570581	EOG090B09SV
chr8	56112942	EOG090B09QK	chr2	228176932	EOG090B09QK
chr8	56963793	EOG090B08R7	chr2	228921688	EOG090B08R7
chr8	58146231	EOG090B0CAY	chr2	229493430	EOG090B0CAY
chr8	58491475	EOG090B04UK	chr2	6982377	EOG090B04UK
chr8	58584106	EOG090B01FP	chr2	229843812	EOG090B01FP
chr8	63061252	EOG090B0CN0	chr2	232719244	EOG090B0CN0
chr8	66436825	EOG090B05PW	chr2	234775563	EOG090B05PW
chr8	66634501	EOG090B00WK	chr2	234979731	EOG090B00WK
chr8	66874141	EOG090B034L	chr2	235124351	EOG090B034L
chr8	67043233	EOG090B0AV4	chr2	235314365	EOG090B0AV4
chr8	68513384	EOG090B0BRG	chr2	236383393	EOG090B0BRG
chr8	70637860	EOG090B0A57	chr2	237902990	EOG090B0A57
chr8	70687943	EOG090B0CTA	chr2	237936270	EOG090B0CTA
chr8	73801692	EOG090B0GD7	chr2	239883662	EOG090B0GD7
chr8	74350462	EOG090B08OX	chr2	240347806	EOG090B08OX
chr8	76983261	EOG090B09XY	chr2	242224286	EOG090B09XY
chr8	78666149	EOG090B09AE	chr2	243432944	EOG090B09AE
chr8	80641366	EOG090B090S	chr2	244689158	EOG090B090S
chr8	81702695	EOG090B0BUW	chr2	245424586	EOG090B0BUW
chr8	85107296	EOG090B030O	chr2	247758137	EOG090B030O
chr8	86474308	EOG090B0B8L	chr2	248638102	EOG090B0B8L
chr8	89758061	EOG090B051M	chr2	250424998	EOG090B051M
chr8	89929505	EOG090B02MW	chr2	250622000	EOG090B02MW
chr8	90006678	EOG090B0A19	chr2	250695408	EOG090B0A19
chr8	90625671	EOG090B0ES4	chr2	251095192	EOG090B0ES4
chr8	93733405	EOG090B03FC	chr2	253206393	EOG090B03FC
chr8	93754648	EOG090B01M3	chr2	253234188	EOG090B01M3
chr8	94823432	EOG090B01CY	chr2	254268775	EOG090B01CY
chr8	94921814	EOG090B0BMU	chr2	254382995	EOG090B0BMU
chr8	95025105	EOG090B0AQ2	chr2	254450908	EOG090B0AQ2
chr8	96239491	EOG090B07LN	chr2	255214936	EOG090B07LN
chr8	98117293	EOG090B01ER	chr2	256406233	EOG090B01ER
chr8	100522555	EOG090B0CW9	chr2	258625396	EOG090B0CW9
chr8	101871830	EOG090B0EG7	chr1	117966123	EOG090B0EG7
chr8	103371657	EOG090B0CIU	chr2	260759884	EOG090B0CIU
chr8	104331190	EOG090B078U	chr2	261810982	EOG090B078U
chr8	105770493	EOG090B00XY	chr2	262842417	EOG090B00XY
chr8	106761037	EOG090B07G6	chr2	263682542	EOG090B07G6
chr8	108443563	EOG090B0AB1	chr2	264864271	EOG090B0AB1
chr8	109224140	EOG090B03YO	chr2	265332524	EOG090B03YO
chr8	109550308	EOG090B0E0K	chr2	265557713	EOG090B0E0K
chr8	116635859	EOG090B0AR2	chr2	270930966	EOG090B0AR2
chr8	116766604	EOG090B0CK6	chr2	271087687	EOG090B0CK6
chr8	117520877	EOG090B0F58	chr2	271588682	EOG090B0F58
chr8	118919634	EOG090B06GQ	chr2	272454941	EOG090B06GQ
chr8	119208473	EOG090B0HWS	chr2	272605902	EOG090B0HWS
chr8	119735934	EOG090B01IG	chr2	272962688	EOG090B01IG
chr8	119834893	EOG090B07QY	chr2	273061604	EOG090B07QY
chr8	120399014	EOG090B0EDJ	chr2	273455219	EOG090B0EDJ
chr8	120449716	EOG090B01ZE	chr2	273483459	EOG090B01ZE
chr8	123006447	EOG090B0AYN	chr2	275081073	EOG090B0AYN
chr8	123220103	EOG090B08N0	chr2	275192496	EOG090B08N0
chr8	123253325	EOG090B037F	chr2	275242592	EOG090B037F
chr8	123966092	EOG090B00CE	chr2	275706455	EOG090B00CE
chr8	124999404	EOG090B044Z	chr2	276556928	EOG090B044Z
chr8	125024617	EOG090B0102	chr2	276733071	EOG090B0102
chr8	132024481	EOG090B0627	chr2	280969581	EOG090B0627
chr8	132110575	EOG090B02IT	chr2	281078497	EOG090B02IT
chr8	132593966	EOG090B08EK	chr2	281428246	EOG090B08EK
chr9	977002	EOG090B07QF	chr6	42066168	EOG090B07QF
chr9	1051614	EOG090B04K0	chr6	42119414	EOG090B04K0
chr9	4544476	EOG090B05JP	chr6	44094933	EOG090B05JP
chr9	4679768	EOG090B09DN	chr6	44209257	EOG090B09DN
chr9	4804663	EOG090B08UR	chr6	44280785	EOG090B08UR
chr9	5697682	EOG090B00KE	chr6	44700666	EOG090B00KE
chr9	5787144	EOG090B025H	chr6	44788563	EOG090B025H
chr9	15425419	EOG090B08ZE	chr6	29494008	EOG090B08ZE
chr9	17290708	EOG090B0DJ7	chr6	30590435	EOG090B0DJ7
chr9	19116248	EOG090B06Y3	chr6	31875101	EOG090B06Y3
chr9	19266865	EOG090B008K	chr6	31955288	EOG090B008K
chr9	20848538	EOG090B00IN	chr6	32929865	EOG090B00IN
chr9	21007037	EOG090B0AEW	chr6	32997696	EOG090B0AEW
chr9	21812716	EOG090B0AJF	chr6	23546330	EOG090B0AJF
chr9	26842301	EOG090B0D1N	chr6	21060335	EOG090B0D1N
chr9	26905511	EOG090B023D	chr6	21024377	EOG090B023D
chr9	27548236	EOG090B057F	chr6	20589783	EOG090B057F
chr9	27948851	EOG090B04DB	chr6	20372594	EOG090B04DB
chr9	32973498	EOG090B08Q5	chr6	1724449	EOG090B08Q5
chr9	33255219	EOG090B0CXN	chr2	114792514	EOG090B0CXN
chr9	33290477	EOG090B00RO	chr2	126045386	EOG090B00RO
chr9	33454035	EOG090B00YY	chr6	131369797	EOG090B00YY
chr9	34339040	EOG090B0FXK	chr6	131947156	EOG090B0FXK
chr9	34552157	EOG090B096A	chr6	132775774	EOG090B096A
chr9	35661987	EOG090B0AKV	chr6	137724679	EOG090B0AKV
chr9	35737169	EOG090B020F	chr6	136800003	EOG090B020F
chr9	35748766	EOG090B072B	chr6	136763251	EOG090B072B
chr9	36212495	EOG090B02G5	chr6	9914948	EOG090B02G5
chr9	37753814	EOG090B0DZR	chr6	11777012	EOG090B0DZR
chr9	37780679	EOG090B0FWQ	chr7	59010926	EOG090B0FWQ
chr9	69718342	EOG090B05R7	chr6	40676968	EOG090B05R7
chr9	71927229	EOG090B0HIV	chr6	39329888	EOG090B0HIV
chr9	72187643	EOG090B0530	chr6	39218799	EOG090B0530
chr9	74983767	EOG090B07OV	chr6	37684107	EOG090B07OV
chr9	75116472	EOG090B0DJI	chr6	37641385	EOG090B0DJI
chr9	83939511	EOG090B08RA	chr6	45330532	EOG090B08RA
chr9	84000987	EOG090B044S	chr6	45373323	EOG090B044S
chr9	86060765	EOG090B0A5Q	chr6	46427932	EOG090B0A5Q
chr9	87618556	EOG090B021W	chr6	47235993	EOG090B021W
chr9	92208489	EOG090B00PB	chr7	89295095	EOG090B00PB
chr9	92615832	EOG090B05D7	chr7	88813674	EOG090B05D7
chr9	92976257	EOG090B02BC	chr7	102138408	EOG090B02BC
chr9	93058743	EOG090B0GYS	chr7	102027742	EOG090B0GYS
chr9	97602469	EOG090B05C3	chr6	1094284	EOG090B05C3
chr9	97633882	EOG090B0257	chr6	1136483	EOG090B0257
chr9	97675439	EOG090B0LG2	chr6	1202860	EOG090B0LG2
chr9	98736519	EOG090B02JZ	chr2	121260314	EOG090B02JZ
chr9	99217934	EOG090B09JN	chr2	117032759	EOG090B09JN
chr9	99808626	EOG090B04ZS	chr2	117637782	EOG090B04ZS
chr9	99915240	EOG090B0CFH	chr2	117730036	EOG090B0CFH
chr9	99982612	EOG090B06EJ	chr2	117827977	EOG090B06EJ
chr9	100206523	EOG090B01KT	chr2	118031350	EOG090B01KT
chr9	100306697	EOG090B020X	chr2	118234148	EOG090B020X
chr9	101269865	EOG090B09F9	chr6	13967781	EOG090B09F9
chr9	101475881	EOG090B0711	chr6	13923537	EOG090B0711
chr9	108934487	EOG090B0GO1	chr2	119705182	EOG090B0GO1
chr9	110121551	EOG090B01BC	chr6	15029301	EOG090B01BC
chr9	111362030	EOG090B00A3	chr6	16251176	EOG090B00A3
chr9	111631468	EOG090B090G	chr6	16200331	EOG090B090G
chr9	113256149	EOG090B0G16	chr16	551435	EOG090B0G16
chr9	113388300	EOG090B08GS	chr16	3385097	EOG090B08GS
chr9	113988238	EOG090B01I6	chr16	4532442	EOG090B01I6
chr9	114624307	EOG090B09OA	chr16	8657573	EOG090B09OA
chr9	116184866	EOG090B0092	chr8	52630802	EOG090B0092
chr9	119167084	EOG090B028P	chr16	11217350	EOG090B028P
chr9	120764559	EOG090B05UL	chr16	26688824	EOG090B05UL
chr9	120817906	EOG090B05KM	chr16	20942526	EOG090B05KM
chr9	122144241	EOG090B0FUN	chr16	22463293	EOG090B0FUN
chr9	122159973	EOG090B0JJR	chr16	22469252	EOG090B0JJR
chr9	122268093	EOG090B0D82	chr16	22557059	EOG090B0D82
chr9	124952807	EOG090B03KD	chr16	24396823	EOG090B03KD
chr9	125205953	EOG090B0B73	chr16	24527250	EOG090B0B73
chr9	125298922	EOG090B00JW	chr16	24575524	EOG090B00JW
chr9	125648371	EOG090B054D	chr16	24699790	EOG090B054D
chr9	126846385	EOG090B04JJ	chr16	26055485	EOG090B04JJ
chr9	127281160	EOG090B017X	chr16	26516607	EOG090B017X
chr9	127732034	EOG090B0A8I	chr16	12950559	EOG090B0A8I
chr9	128160408	EOG090B0L90	chr16	13301011	EOG090B0L90
chr9	128323018	EOG090B0BBX	chr16	13103771	EOG090B0BBX
chr9	128731337	EOG090B029C	chr16	13559712	EOG090B029C
chr9	128787354	EOG090B06QN	chr16	13575370	EOG090B06QN
chr9	128822765	EOG090B086Z	chr16	13615369	EOG090B086Z
chr9	128922324	EOG090B09WO	chr16	13691800	EOG090B09WO
chr9	128947720	EOG090B00K7	chr16	13712637	EOG090B00K7
chr9	129081132	EOG090B0D1R	chr16	13848939	EOG090B0D1R
chr9	129111601	EOG090B09JY	chr16	13896842	EOG090B09JY
chr9	129637790	EOG090B0720	chr16	14262067	EOG090B0720
chr9	131430145	EOG090B00BI	chr16	15663106	EOG090B00BI
chr9	132670599	EOG090B02D4	chr16	16545094	EOG090B02D4
chr9	133031012	EOG090B04P4	chr16	16783253	EOG090B04P4
chr9	133356593	EOG090B0E30	chr16	17085338	EOG090B0E30
chr9	133406953	EOG090B0AYC	chr16	17139270	EOG090B0AYC
chr9	133460067	EOG090B0FFA	chr16	17183593	EOG090B0FFA
chr9	133514636	EOG090B0DP8	chr16	17292905	EOG090B0DP8
chr9	135501096	EOG090B0CW2	chr16	19346692	EOG090B0CW2
chr9	136410669	EOG090B058M	chr16	19848938	EOG090B058M
chr9	136426471	EOG090B05CE	chr16	19818948	EOG090B05CE
chr9	136940928	EOG090B04IR	chr16	3210320	EOG090B04IR
chr9	137174942	EOG090B027J	chr16	5147774	EOG090B027J
chr9	137555239	EOG090B05UI	chr16	954708	EOG090B05UI
chr9	137580536	EOG090B0FAQ	chr16	918893	EOG090B0FAQ
chr10	180013	EOG090B02WI	chr2	21713668	EOG090B02WI
chr10	1019517	EOG090B0AEA	chr2	22637618	EOG090B0AEA
chr10	5878130	EOG090B08RG	chr1	362330351	EOG090B08RG
chr10	6097066	EOG090B08I4	chr1	357862332	EOG090B08I4
chr10	7707228	EOG090B02NV	chr1	356604240	EOG090B02NV
chr10	8055656	EOG090B08GD	chr7	107526622	EOG090B08GD
chr10	11852078	EOG090B09N6	chr1	353876790	EOG090B09N6
chr10	12069034	EOG090B01Q1	chr1	353619655	EOG090B01Q1
chr10	12196246	EOG090B08MX	chr1	353472694	EOG090B08MX
chr10	13161247	EOG090B01KU	chr1	352759475	EOG090B01KU
chr10	13443342	EOG090B07QC	chr1	352491219	EOG090B07QC
chr10	13651905	EOG090B01MH	chr1	352276443	EOG090B01MH
chr10	14908408	EOG090B073N	chr1	351380386	EOG090B073N
chr10	15103315	EOG090B0CXH	chr2	41851164	EOG090B0CXH
chr10	15212915	EOG090B01UL	chr2	41705538	EOG090B01UL
chr10	15772197	EOG090B0688	chr2	41279663	EOG090B0688
chr10	16472546	EOG090B08GW	chr2	40985175	EOG090B08GW
chr10	18545933	EOG090B05PD	chr2	39145773	EOG090B05PD
chr10	22927587	EOG090B03OT	chr2	35851005	EOG090B03OT
chr10	25023224	EOG090B02JI	chr2	34496897	EOG090B02JI
chr10	26702562	EOG090B082Z	chr2	33243916	EOG090B082Z
chr10	28677898	EOG090B0BJG	chr2	31538773	EOG090B0BJG
chr10	30304307	EOG090B05J8	chr2	30917223	EOG090B05J8
chr10	32511315	EOG090B0GQS	chr3	206205826	EOG090B0GQS
chr10	35010311	EOG090B02FC	chr2	27173102	EOG090B02FC
chr10	45615436	EOG090B02TJ	chr7	71087915	EOG090B02TJ
chr10	49366116	EOG090B09U7	chr7	69178375	EOG090B09U7
chr10	58196076	EOG090B06C5	chr7	40661243	EOG090B06C5
chr10	58778285	EOG090B020O	chr7	51510396	EOG090B020O
chr10	62037468	EOG090B014D	chr7	49481358	EOG090B014D
chr10	62197908	EOG090B0327	chr7	49358186	EOG090B0327
chr10	63202438	EOG090B0AOY	chr2	276146281	EOG090B0AOY
chr10	67797116	EOG090B0EKB	chr7	46033180	EOG090B0EKB
chr10	67884722	EOG090B0301	chr7	45989820	EOG090B0301
chr10	68231219	EOG090B0IOZ	chr7	45742876	EOG090B0IOZ
chr10	68416661	EOG090B00L6	chr7	45576000	EOG090B00L6
chr10	69180292	EOG090B02KX	chr7	44995594	EOG090B02KX
chr10	70843697	EOG090B03UK	chr7	42661344	EOG090B03UK
chr10	72122964	EOG090B099G	chr7	41654651	EOG090B099G
chr10	72223915	EOG090B0K4P	chr7	41642426	EOG090B0K4P
chr10	72898570	EOG090B044R	chr7	41029591	EOG090B044R
chr10	73243400	EOG090B0E5M	chr7	40831286	EOG090B0E5M
chr10	73785879	EOG090B00DK	chr7	75082146	EOG090B00DK
chr10	77723925	EOG090B00QU	chr6	114855384	EOG090B00QU
chr10	77977478	EOG090B00IL	chr7	62682859	EOG090B00IL
chr10	80489234	EOG090B0BG7	chr7	58879212	EOG090B0BG7
chr10	84141501	EOG090B08ZX	chr7	56016914	EOG090B08ZX
chr10	86936743	EOG090B06QF	chr7	54883321	EOG090B06QF
chr10	88899333	EOG090B062Y	chr7	35499709	EOG090B062Y
chr10	90871987	EOG090B0CET	chr7	34523478	EOG090B0CET
chr10	91222872	EOG090B0CU2	chr7	34321336	EOG090B0CU2
chr10	92291495	EOG090B0A2L	chr7	32063597	EOG090B0A2L
chr10	92668772	EOG090B0AAZ	chr14	27653656	EOG090B0AAZ
chr10	92689987	EOG090B0G3D	chr7	32431589	EOG090B0G3D
chr10	93073935	EOG090B05RC	chr7	32726862	EOG090B05RC
chr10	93486399	EOG090B05YT	chr7	32975730	EOG090B05YT
chr10	93592075	EOG090B0DS0	chr7	33078945	EOG090B0DS0
chr10	93665247	EOG090B0JSS	chr7	33156117	EOG090B0JSS
chr10	93894034	EOG090B0LPT	chr7	33310134	EOG090B0LPT
chr10	94208152	EOG090B03WQ	chr7	33560079	EOG090B03WQ
chr10	94334177	EOG090B039Q	chr7	33702077	EOG090B039Q
chr10	95298318	EOG090B01H4	chr7	76392274	EOG090B01H4
chr10	96156323	EOG090B00ON	chr7	31475418	EOG090B00ON
chr10	96304498	EOG090B060L	chr2	147612854	EOG090B060L
chr10	96522263	EOG090B03L4	chr7	72616784	EOG090B03L4
chr10	96602276	EOG090B02HB	chr7	72710352	EOG090B02HB
chr10	97434498	EOG090B0DWK	chr7	1568191	EOG090B0DWK
chr10	97737107	EOG090B07V1	chr7	1321003	EOG090B07V1
chr10	98383798	EOG090B04D6	chr7	1039654	EOG090B04D6
chr10	99714587	EOG090B07N5	chr7	501169	EOG090B07N5
chr10	99728153	EOG090B0CC2	chr7	484186	EOG090B0CC2
chr10	100275462	EOG090B0J2Y	chr7	74503363	EOG090B0J2Y
chr10	100535959	EOG090B08FN	chr7	74128588	EOG090B08FN
chr10	100913111	EOG090B01TD	chr7	4017874	EOG090B01TD
chr10	101579453	EOG090B042D	chr7	2947763	EOG090B042D
chr10	101588247	EOG090B0ELP	chr7	2932496	EOG090B0ELP
chr10	101611291	EOG090B074B	chr7	2855533	EOG090B074B
chr10	101924049	EOG090B0340	chr7	2320194	EOG090B0340
chr10	102065475	EOG090B02NQ	chr7	2282500	EOG090B02NQ
chr10	102327642	EOG090B009U	chr7	73149645	EOG090B009U
chr10	102421130	EOG090B0AGA	chr7	73444950	EOG090B0AGA
chr10	102423242	EOG090B0ATU	chr7	73443140	EOG090B0ATU
chr10	102469030	EOG090B06W4	chr7	4162576	EOG090B06W4
chr10	102504153	EOG090B05HS	chr7	4206631	EOG090B05HS
chr10	103367990	EOG090B03RM	chr7	5169288	EOG090B03RM
chr10	103455262	EOG090B08Z9	chr7	5276446	EOG090B08Z9
chr10	103882684	EOG090B08HA	chr7	6044056	EOG090B08HA
chr10	104122991	EOG090B0COE	chr7	6291471	EOG090B0COE
chr10	104314408	EOG090B04MI	chr7	6444759	EOG090B04MI
chr10	104358244	EOG090B0250	chr7	6483985	EOG090B0250
chr10	109865184	EOG090B037A	chr7	8997390	EOG090B037A
chr10	110277155	EOG090B0DGB	chr7	9429178	EOG090B0DGB
chr10	110498122	EOG090B08BH	chr7	9611921	EOG090B08BH
chr10	110567817	EOG090B0103	chr7	9657877	EOG090B0103
chr10	110964359	EOG090B05TK	chr7	10083529	EOG090B05TK
chr10	112283735	EOG090B08EP	chr7	11038843	EOG090B08EP
chr10	112430804	EOG090B06L6	chr7	11150587	EOG090B06L6
chr10	113588975	EOG090B00EI	chr7	12134463	EOG090B00EI
chr10	114125143	EOG090B01R8	chr7	12522124	EOG090B01R8
chr10	114187832	EOG090B01YI	chr3	24236035	EOG090B01YI
chr10	114822079	EOG090B01PW	chr7	13241266	EOG090B01PW
chr10	114938344	EOG090B0B3R	chr7	13336614	EOG090B0B3R
chr10	116849567	EOG090B0484	chr7	15202485	EOG090B0484
chr10	117283268	EOG090B017C	chr7	15612387	EOG090B017C
chr10	118008998	EOG090B04UO	chr7	16137662	EOG090B04UO
chr10	118686128	EOG090B0AXW	chr7	16763337	EOG090B0AXW
chr10	119040793	EOG090B0211	chr7	17088531	EOG090B0211
chr10	119104143	EOG090B08FO	chr7	17144051	EOG090B08FO
chr10	119831474	EOG090B039W	chr7	17788674	EOG090B039W
chr10	120851421	EOG090B00TL	chr7	18522660	EOG090B00TL
chr10	122980480	EOG090B094V	chr7	20183408	EOG090B094V
chr10	123154744	EOG090B08G5	chr7	20361338	EOG090B08G5
chr10	124397942	EOG090B06VE	chr7	21394172	EOG090B06VE
chr10	124478617	EOG090B0C03	chr7	21467091	EOG090B0C03
chr10	125719808	EOG090B00TI	chr7	22518059	EOG090B00TI
chr10	125788868	EOG090B0BQ6	chr7	22577628	EOG090B0BQ6
chr10	125823558	EOG090B0C85	chr7	22623753	EOG090B0C85
chr10	130136421	EOG090B0907	chr7	26364307	EOG090B0907
chr10	133279766	EOG090B01SA	chr7	67575425	EOG090B01SA
chr11	289817	EOG090B02MX	chr4	120853931	EOG090B02MX
chr11	568722	EOG090B00QA	chr4	116860284	EOG090B00QA
chr11	644550	EOG090B09PZ	chr4	116508110	EOG090B09PZ
chr11	770989	EOG090B0D80	chr4	116291660	EOG090B0D80
chr11	869858	EOG090B07CN	chr4	114766992	EOG090B07CN
chr11	1277039	EOG090B0DBB	chr4	113864745	EOG090B0DBB
chr11	2405989	EOG090B0108	chr4	111644254	EOG090B0108
chr11	8110698	EOG090B0AP0	chr4	105030518	EOG090B0AP0
chr11	10514916	EOG090B0C80	chr4	102327368	EOG090B0C80
chr11	10576332	EOG090B0328	chr4	102225996	EOG090B0328
chr11	10751413	EOG090B01NR	chr4	102039111	EOG090B01NR
chr11	11872060	EOG090B00QN	chr4	100671361	EOG090B00QN
chr11	14457824	EOG090B01K3	chr4	105626248	EOG090B01K3
chr11	18080399	EOG090B0IDD	chr4	109426984	EOG090B0IDD
chr11	18279882	EOG090B0126	chr4	109506058	EOG090B0126
chr11	18329081	EOG090B04Z5	chr4	109537627	EOG090B04Z5
chr11	18609861	EOG090B0AJ4	chr4	109741723	EOG090B0AJ4
chr11	18698887	EOG090B0BTJ	chr4	109829594	EOG090B0BTJ
chr11	20363812	EOG090B0C5X	chr4	89402887	EOG090B0C5X
chr11	20388040	EOG090B05NP	chr4	89436494	EOG090B05NP
chr11	27364159	EOG090B01PI	chr4	92731441	EOG090B01PI
chr11	28274425	EOG090B09G3	chr4	93545903	EOG090B09G3
chr11	31584590	EOG090B07JS	chr4	95627412	EOG090B07JS
chr11	32091197	EOG090B0BFY	chr4	96053046	EOG090B0BFY
chr11	32583888	EOG090B07O5	chr4	96397239	EOG090B07O5
chr11	33085087	EOG090B02U0	chr4	96873790	EOG090B02U0
chr11	33859356	EOG090B0EA1	chr4	85776690	EOG090B0EA1
chr11	34882717	EOG090B0CST	chr4	85010400	EOG090B0CST
chr11	34930071	EOG090B06DM	chr4	84906493	EOG090B06DM
chr11	36257106	EOG090B0GZB	chr4	83962771	EOG090B0GZB
chr11	36489838	EOG090B04ZH	chr4	83793359	EOG090B04ZH
chr11	36560475	EOG090B015R	chr4	83767205	EOG090B015R
chr11	36579420	EOG090B053T	chr4	83742740	EOG090B053T
chr11	43312128	EOG090B051I	chr4	79795055	EOG090B051I
chr11	43359923	EOG090B00GK	chr4	79692890	EOG090B00GK
chr11	43882653	EOG090B0ALW	chr4	79332534	EOG090B0ALW
chr11	46603530	EOG090B08FM	chr4	76206949	EOG090B08FM
chr11	46644292	EOG090B05JW	chr4	76145857	EOG090B05JW
chr11	47119167	EOG090B08ZW	chr4	75644432	EOG090B08ZW
chr11	47165482	EOG090B04Y9	chr4	75626035	EOG090B04Y9
chr11	47330865	EOG090B00YR	chr1	261783041	EOG090B00YR
chr11	47355227	EOG090B0BOF	chr4	75128581	EOG090B0BOF
chr11	47410125	EOG090B07EJ	chr4	75016075	EOG090B07EJ
chr11	47437975	EOG090B079L	chr4	74945465	EOG090B079L
chr11	47572930	EOG090B0417	chr4	74820073	EOG090B0417
chr11	60891166	EOG090B05AS	chr4	124503071	EOG090B05AS
chr11	61300136	EOG090B00XK	chr4	124066837	EOG090B00XK
chr11	63614001	EOG090B0EUF	chr4	95478616	EOG090B0EUF
chr11	67207485	EOG090B00RL	chr13	7104617	EOG090B00RL
chr11	68157688	EOG090B02EA	chr4	117871524	EOG090B02EA
chr11	68891331	EOG090B0FNH	chr4	119991511	EOG090B0FNH
chr11	71435375	EOG090B05DD	chr4	88297204	EOG090B05DD
chr11	71453297	EOG090B02OO	chr4	88250113	EOG090B02OO
chr11	72293367	EOG090B03FI	chr1	3388979	EOG090B03FI
chr11	73850462	EOG090B0GML	chr1	215020109	EOG090B0GML
chr11	74267248	EOG090B06MX	chr1	6199126	EOG090B06MX
chr11	76795617	EOG090B08EH	chr1	10369768	EOG090B08EH
chr11	77878949	EOG090B01LT	chr1	11464959	EOG090B01LT
chr11	78100964	EOG090B05LD	chr1	11577111	EOG090B05LD
chr11	78436670	EOG090B06T7	chr1	11906813	EOG090B06T7
chr11	82824906	EOG090B06FK	chr1	15290831	EOG090B06FK
chr11	82914739	EOG090B0382	chr1	15369086	EOG090B0382
chr11	86951142	EOG090B064U	chr1	18375323	EOG090B064U
chr11	93747394	EOG090B0905	chr1	23313713	EOG090B0905
chr11	93784514	EOG090B0387	chr1	23340963	EOG090B0387
chr11	93820569	EOG090B0EQQ	chr1	23371423	EOG090B0EQQ
chr11	94439717	EOG090B030Q	chr1	23753245	EOG090B030Q
chr11	101890960	EOG090B06NB	chr1	28561545	EOG090B06NB
chr11	102154602	EOG090B07CY	chr1	28825714	EOG090B07CY
chr11	106009535	EOG090B0B4E	chr1	31505029	EOG090B0B4E
chr11	106077711	EOG090B0CXJ	chr1	31597195	EOG090B0CXJ
chr11	107504658	EOG090B031P	chr1	32699671	EOG090B031P
chr11	108148760	EOG090B00UO	chr1	33319797	EOG090B00UO
chr11	108474827	EOG090B04UV	chr1	33564661	EOG090B04UV
chr11	112075575	EOG090B0FQM	chr19	16740106	EOG090B0FQM
chr11	116748482	EOG090B06XY	chr19	20289536	EOG090B06XY
chr11	116778925	EOG090B06VT	chr19	20302585	EOG090B06VT
chr11	118166887	EOG090B0FDN	chr19	21499992	EOG090B0FDN
chr11	118365081	EOG090B0163	chr19	21613803	EOG090B0163
chr11	118544916	EOG090B09O9	chr19	21762229	EOG090B09O9
chr11	118998198	EOG090B09MT	chr19	22217517	EOG090B09MT
chr11	119069198	EOG090B01FZ	chr19	22313440	EOG090B01FZ
chr11	119085034	EOG090B0AGU	chr19	22358184	EOG090B0AGU
chr11	119096998	EOG090B07TV	chr19	22397984	EOG090B07TV
chr11	119116820	EOG090B05JI	chr19	16061962	EOG090B05JI
chr11	119170303	EOG090B021C	chr19	15992507	EOG090B021C
chr11	120211280	EOG090B0BV7	chr19	14911847	EOG090B0BV7
chr11	123573188	EOG090B052R	chr19	12951725	EOG090B052R
chr11	123634143	EOG090B0FFQ	chr19	12927742	EOG090B0FFQ
chr11	124611557	EOG090B07BO	chr19	5205251	EOG090B07BO
chr11	124767176	EOG090B045O	chr19	4941046	EOG090B045O
chr11	125588020	EOG090B02LJ	chr19	5850429	EOG090B02LJ
chr11	126203418	EOG090B0887	chr19	5222724	EOG090B0887
chr11	126235002	EOG090B08OH	chr19	5991970	EOG090B08OH
chr11	126304081	EOG090B09Q3	chr19	6072981	EOG090B09Q3
chr11	129864725	EOG090B01C3	chr19	9191902	EOG090B01C3
chr11	129902313	EOG090B017H	chr19	9125650	EOG090B017H
chr11	130107626	EOG090B02YW	chr19	8989632	EOG090B02YW
chr12	411805	EOG090B05U7	chr1	253302796	EOG090B05U7
chr12	913391	EOG090B07RH	chr1	252799849	EOG090B07RH
chr12	2858244	EOG090B03OX	chr1	226180086	EOG090B03OX
chr12	4370343	EOG090B0D3B	chr1	227534405	EOG090B0D3B
chr12	4489807	EOG090B048A	chr1	227399736	EOG090B048A
chr12	4649127	EOG090B07WN	chr1	227989320	EOG090B07WN
chr12	6905634	EOG090B0BG8	chr1	216272434	EOG090B0BG8
chr12	6970924	EOG090B0G0O	chr1	216442398	EOG090B0G0O
chr12	8604284	EOG090B0D4P	chr1	225325910	EOG090B0D4P
chr12	8941818	EOG090B0CBH	chr1	224696772	EOG090B0CBH
chr12	9637235	EOG090B0675	chr12	2947099	EOG090B0675
chr12	12330027	EOG090B0FLA	chr1	233192199	EOG090B0FLA
chr12	12476833	EOG090B038H	chr1	232970544	EOG090B038H
chr12	12619798	EOG090B0K7T	chr1	232854568	EOG090B0K7T
chr12	12661201	EOG090B077K	chr1	232817693	EOG090B077K
chr12	13044404	EOG090B03W1	chr1	276156724	EOG090B03W1
chr12	14423916	EOG090B059G	chr1	275156077	EOG090B059G
chr12	15109110	EOG090B0EK0	chr1	248890002	EOG090B0EK0
chr12	15882708	EOG090B0978	chr1	248164774	EOG090B0978
chr12	16189668	EOG090B06BI	chr1	247918961	EOG090B06BI
chr12	19412912	EOG090B0IDV	chr12	23530268	EOG090B0IDV
chr12	21437731	EOG090B057Q	chr1	244364419	EOG090B057Q
chr12	21470194	EOG090B03BY	chr1	244328765	EOG090B03BY
chr12	22046304	EOG090B06MQ	chr1	242136942	EOG090B06MQ
chr12	26195673	EOG090B0ERX	chr1	240756579	EOG090B0ERX
chr12	26905497	EOG090B02NM	chr1	240237943	EOG090B02NM
chr12	26974594	EOG090B04BQ	chr1	240179328	EOG090B04BQ
chr12	27710844	EOG090B08L2	chr1	231642403	EOG090B08L2
chr12	27780331	EOG090B061K	chr1	231590515	EOG090B061K
chr12	30709902	EOG090B0196	chr1	254679788	EOG090B0196
chr12	31615768	EOG090B0E60	chr20	7273149	EOG090B0E60
chr12	31661954	EOG090B0AXV	chr1	255077511	EOG090B0AXV
chr12	38316894	EOG090B06B8	chr1	336801323	EOG090B06B8
chr12	45016286	EOG090B0BN2	chr1	309361460	EOG090B0BN2
chr12	46358135	EOG090B06QJ	chr4	15469792	EOG090B06QJ
chr12	47663505	EOG090B03HZ	chr1	307716827	EOG090B03HZ
chr12	48654872	EOG090B04X5	chr3	7023460	EOG090B04X5
chr12	49097672	EOG090B05A2	chr3	6706576	EOG090B05A2
chr12	49386686	EOG090B0DJM	chr1	240219732	EOG090B0DJM
chr12	53307489	EOG090B043L	chr3	2065528	EOG090B043L
chr12	56316832	EOG090B00WA	chr3	5764492	EOG090B00WA
chr12	62467208	EOG090B00ER	chr1	304750222	EOG090B00ER
chr12	63779961	EOG090B05QS	chr1	304103653	EOG090B05QS
chr12	64193842	EOG090B06GL	chr1	303737033	EOG090B06GL
chr12	64674360	EOG090B0AYF	chr1	303388662	EOG090B0AYF
chr12	64824880	EOG090B02JO	chr1	303224879	EOG090B02JO
chr12	65434617	EOG090B0EPW	chr1	302774412	EOG090B0EPW
chr12	66136260	EOG090B0FJB	chr1	302230606	EOG090B0FJB
chr12	68295254	EOG090B07SK	chr1	300781547	EOG090B07SK
chr12	69239647	EOG090B0BNF	chr1	300153163	EOG090B0BNF
chr12	69359973	EOG090B0GHW	chr1	300067698	EOG090B0GHW
chr12	69585522	EOG090B02DG	chr1	299886405	EOG090B02DG
chr12	71674348	EOG090B0BW1	chr1	298292720	EOG090B0BW1
chr12	75499809	EOG090B0AL3	chr1	295929723	EOG090B0AL3
chr12	76345813	EOG090B0C8S	chr1	295436368	EOG090B0C8S
chr12	79775929	EOG090B03CN	scaffold_35_arrow_ctg1	4575105	EOG090B03CN
chr12	81104337	EOG090B03A1	chr1	291545217	EOG090B03A1
chr12	82353151	EOG090B0GEE	chr1	290483991	EOG090B0GEE
chr12	82358566	EOG090B04Q1	chr1	290367411	EOG090B04Q1
chr12	85280262	EOG090B099M	chr1	288363503	EOG090B099M
chr12	85874404	EOG090B0FYJ	chr1	287933783	EOG090B0FYJ
chr12	88148316	EOG090B01QL	chr1	286257084	EOG090B01QL
chr12	91104165	EOG090B08F6	chr1	284199062	EOG090B08F6
chr12	92759015	EOG090B0105	chr1	283129519	EOG090B0105
chr12	95248041	EOG090B068V	chr1	281618977	EOG090B068V
chr12	95943399	EOG090B06ZX	chr1	281149436	EOG090B06ZX
chr12	95974232	EOG090B034V	chr1	281110324	EOG090B034V
chr12	96000989	EOG090B03QZ	chr1	281067266	EOG090B03QZ
chr12	96909760	EOG090B03IO	chr1	280358183	EOG090B03IO
chr12	98648360	EOG090B00MK	chr1	279236725	EOG090B00MK
chr12	100037636	EOG090B00GU	chr1	278365255	EOG090B00GU
chr12	100512981	EOG090B05FJ	chr1	278044843	EOG090B05FJ
chr12	100586981	EOG090B02X2	chr1	277991985	EOG090B02X2
chr12	101396329	EOG090B0ESA	chr1	277466024	EOG090B0ESA
chr12	101747164	EOG090B00PE	chr1	261942384	EOG090B00PE
chr12	101877790	EOG090B0D9P	chr1	262038033	EOG090B0D9P
chr12	102013108	EOG090B0FNB	chr1	262119590	EOG090B0FNB
chr12	102109192	EOG090B040G	chr1	262216770	EOG090B040G
chr12	102417818	EOG090B0FH2	chr4	112139802	EOG090B0FH2
chr12	102839175	EOG090B05EY	chr1	262729882	EOG090B05EY
chr12	104116210	EOG090B0DIA	chr1	263551934	EOG090B0DIA
chr12	104743646	EOG090B08QD	chr1	263976767	EOG090B08QD
chr12	105107801	EOG090B014C	chr1	264217999	EOG090B014C
chr12	106239024	EOG090B0602	chr1	264824421	EOG090B0602
chr12	108516973	EOG090B06TU	chr13	4438233	EOG090B06TU
chr12	108523457	EOG090B01U8	chr13	4410750	EOG090B01U8
chr12	109574823	EOG090B08OQ	chr13	3786197	EOG090B08OQ
chr12	109903027	EOG090B0B72	chr13	3317468	EOG090B0B72
chr12	110127381	EOG090B03C3	chr13	7391739	EOG090B03C3
chr12	110374144	EOG090B04ME	chr13	7577252	EOG090B04ME
chr12	110649410	EOG090B0E4K	chr13	6165512	EOG090B0E4K
chr12	111644199	EOG090B03UL	chr13	5550263	EOG090B03UL
chr12	111851837	EOG090B053W	chr13	5465426	EOG090B053W
chr12	112029531	EOG090B01QO	chr13	5360319	EOG090B01QO
chr12	113246609	EOG090B02J2	chr13	27013944	EOG090B02J2
chr12	116717810	EOG090B0E2Y	chr13	24816695	EOG090B0E2Y
chr12	116927332	EOG090B03YC	chr13	24670484	EOG090B03YC
chr12	117146087	EOG090B03OM	chr13	24574375	EOG090B03OM
chr12	120290898	EOG090B092U	chr13	22605711	EOG090B092U
chr12	120446481	EOG090B0JFR	chr13	22447095	EOG090B0JFR
chr12	120503784	EOG090B09TJ	chr13	22397414	EOG090B09TJ
chr12	120534812	EOG090B02W3	chr13	22371386	EOG090B02W3
chr12	120764999	EOG090B09LK	chr13	22148976	EOG090B09LK
chr12	121652734	EOG090B0AZV	chr13	6972201	EOG090B0AZV
chr12	121888857	EOG090B0HWD	chr1	45771647	EOG090B0HWD
chr12	121934720	EOG090B03CA	chr13	6728001	EOG090B03CA
chr12	122078854	EOG090B024T	chr13	6621616	EOG090B024T
chr12	122473497	EOG090B04W6	chr13	6371323	EOG090B04W6
chr12	122975252	EOG090B08N6	chr13	7809737	EOG090B08N6
chr12	123295908	EOG090B00X2	chr13	8126066	EOG090B00X2
chr12	123465541	EOG090B0FQA	chr13	8203346	EOG090B0FQA
chr12	123621756	EOG090B0ATV	chr13	8287520	EOG090B0ATV
chr12	123633860	EOG090B09MO	chr13	8296066	EOG090B09MO
chr12	123937058	EOG090B0AJJ	chr13	8460689	EOG090B0AJJ
chr12	124295430	EOG090B0GC1	chr13	8687236	EOG090B0GC1
chr12	124993791	EOG090B0FPA	chr13	9484384	EOG090B0FPA
chr12	128794196	EOG090B058K	chr13	10861226	EOG090B058K
chr12	128868368	EOG090B0954	chr13	10929619	EOG090B0954
chr12	131711230	EOG090B04DF	chr13	13071812	EOG090B04DF
chr12	131929917	EOG090B06M0	chr13	13494456	EOG090B06M0
chr12	132144489	EOG090B05GF	chr13	13649246	EOG090B05GF
chr12	132701280	EOG090B0AD7	chr13	15855925	EOG090B0AD7
chr12	132727242	EOG090B01U6	chr13	15827313	EOG090B01U6
chr12	132773105	EOG090B00RP	chr13	15779942	EOG090B00RP
chr13	19304589	EOG090B08LA	chr2	79535404	EOG090B08LA
chr13	19992579	EOG090B00M3	chr1	36050775	EOG090B00M3
chr13	20404129	EOG090B0APB	chr1	36460520	EOG090B0APB
chr13	20574386	EOG090B0229	chr1	36540264	EOG090B0229
chr13	20729080	EOG090B0CIJ	chr1	36697657	EOG090B0CIJ
chr13	21155080	EOG090B03R3	chr1	37084389	EOG090B03R3
chr13	21493249	EOG090B07ZJ	chr1	37223145	EOG090B07ZJ
chr13	25301774	EOG090B0BII	chr1	39660206	EOG090B0BII
chr13	27435675	EOG090B0C58	chr1	41497891	EOG090B0C58
chr13	27548335	EOG090B034Q	chr1	41590021	EOG090B034Q
chr13	28236454	EOG090B028E	chr1	42102221	EOG090B028E
chr13	30621141	EOG090B014Y	chr1	43786401	EOG090B014Y
chr13	30735606	EOG090B0H80	chr1	43834497	EOG090B0H80
chr13	32337742	EOG090B0021	chr1	44857799	EOG090B0021
chr13	33818179	EOG090B080M	chr1	46132023	EOG090B080M
chr13	36949942	EOG090B09OS	chr1	48813706	EOG090B09OS
chr13	39011223	EOG090B03SD	chr1	50822052	EOG090B03SD
chr13	39037373	EOG090B080R	chr1	50862843	EOG090B080R
chr13	39655628	EOG090B03LD	chr1	51321429	EOG090B03LD
chr13	40729372	EOG090B0EC1	chr1	51920450	EOG090B0EC1
chr13	41053599	EOG090B08XT	chr1	60724645	EOG090B08XT
chr13	41217115	EOG090B07MT	chr1	60672846	EOG090B07MT
chr13	42291663	EOG090B00AI	chr1	59687742	EOG090B00AI
chr13	43880986	EOG090B066C	chr1	58540053	EOG090B066C
chr13	45004280	EOG090B07HJ	chr1	57808425	EOG090B07HJ
chr13	45193788	EOG090B0CNA	chr1	57709085	EOG090B0CNA
chr13	45465037	EOG090B01WE	chr1	57424268	EOG090B01WE
chr13	48077139	EOG090B0CCK	chr1	55610109	EOG090B0CCK
chr13	48239324	EOG090B0ARP	chr1	55529371	EOG090B0ARP
chr13	49094722	EOG090B00X6	chr11	36087058	EOG090B00X6
chr13	49247570	EOG090B0A54	chr1	54667391	EOG090B0A54
chr13	49915063	EOG090B0F73	chr1	54162745	EOG090B0F73
chr13	50910077	EOG090B09ZS	chr1	53329700	EOG090B09ZS
chr13	52377411	EOG090B01RY	chr1	52109170	EOG090B01RY
chr13	52415830	EOG090B085C	chr1	52155872	EOG090B085C
chr13	60428657	EOG090B02Q1	chr1	66298780	EOG090B02Q1
chr13	61411243	EOG090B01MU	chr1	66868332	EOG090B01MU
chr13	72727843	EOG090B057H	chr1	76012353	EOG090B057H
chr13	72783470	EOG090B02Z1	chr1	76089608	EOG090B02Z1
chr13	76992039	EOG090B095Y	chr1	78868794	EOG090B095Y
chr13	78615580	EOG090B03I4	chr1	80387948	EOG090B03I4
chr13	78909192	EOG090B04OS	chr2	131153272	EOG090B04OS
chr13	79523796	EOG090B0EQE	chr1	81082035	EOG090B0EQE
chr13	83879417	EOG090B02L8	chr1	85113803	EOG090B02L8
chr13	85793983	EOG090B02A8	chr1	86800237	EOG090B02A8
chr13	94574782	EOG090B07TG	chr1	94481861	EOG090B07TG
chr13	99246658	EOG090B099W	chr1	98123304	EOG090B099W
chr13	99295060	EOG090B092P	chr1	98176710	EOG090B092P
chr13	99839409	EOG090B09CD	chr1	98647146	EOG090B09CD
chr13	102766401	EOG090B05TV	chr1	101282646	EOG090B05TV
chr13	102881101	EOG090B0CQ1	chr1	101395475	EOG090B0CQ1
chr13	106493040	EOG090B09FL	chr9	83369018	EOG090B09FL
chr13	108208533	EOG090B01WZ	chr1	105639617	EOG090B01WZ
chr13	108218179	EOG090B07ZV	chr1	105659558	EOG090B07ZV
chr13	108283737	EOG090B0BXI	chr1	105671461	EOG090B0BXI
chr13	110523665	EOG090B0CAO	chr1	107638789	EOG090B0CAO
chr13	110615675	EOG090B0BTG	chr1	107783347	EOG090B0BTG
chr13	110641537	EOG090B06J1	chr1	107875259	EOG090B06J1
chr13	113178198	EOG090B076E	chr1	110227109	EOG090B076E
chr13	113495582	EOG090B0438	chr1	110640685	EOG090B0438
chr13	113820864	EOG090B03F2	chr1	111055588	EOG090B03F2
chr13	114235085	EOG090B03AB	chr1	111547527	EOG090B03AB
chr14	24440083	EOG090B0C5T	chr21	12223132	EOG090B0C5T
chr14	28264554	EOG090B0GKV	chr7	27938919	EOG090B0GKV
chr14	30622339	EOG090B03F5	chr4	52770125	EOG090B03F5
chr14	31066197	EOG090B0FJ6	chr4	52458542	EOG090B0FJ6
chr14	31448129	EOG090B0H4P	chr4	52151436	EOG090B0H4P
chr14	32090670	EOG090B00GQ	chr4	51753645	EOG090B00GQ
chr14	32271855	EOG090B0GX5	chr2	82353260	EOG090B0GX5
chr14	34505881	EOG090B0BNG	chr4	49938733	EOG090B0BNG
chr14	34996710	EOG090B057K	chr4	49546365	EOG090B057K
chr14	35085590	EOG090B0618	chr4	49452087	EOG090B0618
chr14	35123246	EOG090B056N	chr4	49428795	EOG090B056N
chr14	35429842	EOG090B0ENW	chr20	18789332	EOG090B0ENW
chr14	36299083	EOG090B09S8	chr4	48523066	EOG090B09S8
chr14	37267012	EOG090B08VE	chr4	47698049	EOG090B08VE
chr14	39175280	EOG090B0916	chr4	46532017	EOG090B0916
chr14	39386486	EOG090B0640	chr4	46419386	EOG090B0640
chr14	44112899	EOG090B0JYX	chr4	107484183	EOG090B0JYX
chr14	45082929	EOG090B037R	chr4	3919461	EOG090B037R
chr14	45204109	EOG090B0528	chr4	4144226	EOG090B0528
chr14	49625542	EOG090B04FS	chr4	6987307	EOG090B04FS
chr14	49641279	EOG090B04WI	chr4	7010436	EOG090B04WI
chr14	50102706	EOG090B0H38	chr4	7465898	EOG090B0H38
chr14	50247058	EOG090B06RD	chr4	7598367	EOG090B06RD
chr14	50311843	EOG090B0DVU	chr4	7624950	EOG090B0DVU
chr14	50635183	EOG090B07ET	chr4	7918302	EOG090B07ET
chr14	50723463	EOG090B0H60	chr4	7966708	EOG090B0H60
chr14	51689837	EOG090B04AF	chr4	8752795	EOG090B04AF
chr14	52432304	EOG090B028H	chr4	9269448	EOG090B028H
chr14	52778311	EOG090B0H3L	chr4	9482646	EOG090B0H3L
chr14	54509960	EOG090B0BNO	chr4	10533523	EOG090B0BNO
chr14	55612049	EOG090B013I	chr4	11355485	EOG090B013I
chr14	56584397	EOG090B03BI	chr4	11992919	EOG090B03BI
chr14	57201079	EOG090B02N3	chr4	12501144	EOG090B02N3
chr14	57255462	EOG090B06BW	chr4	12548291	EOG090B06BW
chr14	57377776	EOG090B0DBJ	chr4	12629072	EOG090B0DBJ
chr14	57551955	EOG090B06KQ	chr4	12730491	EOG090B06KQ
chr14	58200218	EOG090B06J5	chr4	13128332	EOG090B06J5
chr14	58299855	EOG090B035I	chr4	13201305	EOG090B035I
chr14	59472965	EOG090B09UD	chr4	14132964	EOG090B09UD
chr14	60107639	EOG090B00WV	chr4	14702099	EOG090B00WV
chr14	60796057	EOG090B0A86	chr4	15269320	EOG090B0A86
chr14	60975109	EOG090B05K8	chr4	15424556	EOG090B05K8
chr14	67338621	EOG090B0CPB	chr4	73076317	EOG090B0CPB
chr14	67364768	EOG090B090F	chr4	73061974	EOG090B090F
chr14	67473420	EOG090B0FQV	chr4	72617790	EOG090B0FQV
chr14	67590080	EOG090B0EQD	chr4	72817326	EOG090B0EQD
chr14	69209471	EOG090B03QS	chr4	71443722	EOG090B03QS
chr14	69422274	EOG090B0D3A	chr4	71208338	EOG090B0D3A
chr14	69484966	EOG090B06U2	chr4	71121203	EOG090B06U2
chr14	70457500	EOG090B018Q	chr2	42601176	EOG090B018Q
chr14	70579892	EOG090B0D8U	chr4	70029162	EOG090B0D8U
chr14	72939749	EOG090B06D7	chr4	68171033	EOG090B06D7
chr14	73645040	EOG090B0E2J	chr4	67636418	EOG090B0E2J
chr14	73858863	EOG090B08ZC	chr4	67481001	EOG090B08ZC
chr14	73950333	EOG090B063Y	chr4	46344048	EOG090B063Y
chr14	74084963	EOG090B0LAU	chr4	46250688	EOG090B0LAU
chr14	74356784	EOG090B036U	chr4	45943316	EOG090B036U
chr14	74493775	EOG090B0F2F	chr4	45783097	EOG090B0F2F
chr14	74663720	EOG090B01A7	chr4	45564961	EOG090B01A7
chr14	75002991	EOG090B0ACI	chr4	45313188	EOG090B0ACI
chr14	75017082	EOG090B01TI	chr4	45280066	EOG090B01TI
chr14	75651555	EOG090B0L8P	chr4	44940948	EOG090B0L8P
chr14	76071588	EOG090B0EU7	chr4	44587522	EOG090B0EU7
chr14	76789228	EOG090B026K	chr4	43983753	EOG090B026K
chr14	77133683	EOG090B0GQ6	chr4	43642818	EOG090B0GQ6
chr14	77219633	EOG090B02A0	chr4	43543584	EOG090B02A0
chr14	77277376	EOG090B02CR	chr4	43464431	EOG090B02CR
chr14	77321169	EOG090B0DIG	chr4	43435331	EOG090B0DIG
chr14	77427616	EOG090B058T	chr4	43351562	EOG090B058T
chr14	77673812	EOG090B08HJ	chr4	43078223	EOG090B08HJ
chr14	77718088	EOG090B04A2	chr4	43054627	EOG090B04A2
chr14	77857988	EOG090B04UT	chr4	42901017	EOG090B04UT
chr14	81180223	EOG090B0GBY	chr4	40227964	EOG090B0GBY
chr14	81476972	EOG090B02JH	chr4	40010990	EOG090B02JH
chr14	89958452	EOG090B042S	chr4	34520133	EOG090B042S
chr14	90278336	EOG090B0158	chr4	34158383	EOG090B0158
chr14	91870224	EOG090B04TF	chr4	32693747	EOG090B04TF
chr14	92130985	EOG090B02IE	chr4	32536450	EOG090B02IE
chr14	92613968	EOG090B04M3	chr4	32132226	EOG090B04M3
chr14	92797438	EOG090B04FX	chr4	32022918	EOG090B04FX
chr14	92923360	EOG090B0COU	chr4	31923884	EOG090B0COU
chr14	93239174	EOG090B01VN	chr4	31519588	EOG090B01VN
chr14	95090498	EOG090B009E	chr4	30188542	EOG090B009E
chr14	96285755	EOG090B007P	chr4	29074272	EOG090B007P
chr14	96365406	EOG090B0GK8	chr4	29063051	EOG090B0GK8
chr14	99398679	EOG090B03SX	chr4	26874132	EOG090B03SX
chr14	99492678	EOG090B0A7I	chr4	26832662	EOG090B0A7I
chr14	100334875	EOG090B05J1	chr4	25761598	EOG090B05J1
chr14	103529979	EOG090B09BU	chr4	22311752	EOG090B09BU
chr14	103698798	EOG090B0ACX	chr4	22021745	EOG090B0ACX
chr14	103715842	EOG090B0CZB	chr4	22000090	EOG090B0CZB
chr14	104925705	EOG090B060U	chr4	19761569	EOG090B060U
chr14	105491376	EOG090B0EDH	chr8	45260664	EOG090B0EDH
chr15	25339137	EOG090B01UC	chr1	120480446	EOG090B01UC
chr15	29122551	EOG090B0696	chr10	30671781	EOG090B0696
chr15	30904664	EOG090B01LE	chr10	31002173	EOG090B01LE
chr15	30941470	EOG090B028S	chr10	31046847	EOG090B028S
chr15	32643593	EOG090B0E1B	chr4	59633122	EOG090B0E1B
chr15	34084334	EOG090B0HOT	chr4	61127886	EOG090B0HOT
chr15	39801132	EOG090B03CX	chr4	62105873	EOG090B03CX
chr15	40553971	EOG090B0E0P	chr4	63321492	EOG090B0E0P
chr15	40569440	EOG090B071G	chr4	63340999	EOG090B071G
chr15	40698759	EOG090B0A3S	chr4	63438211	EOG090B0A3S
chr15	40764181	EOG090B0K77	chr4	63633740	EOG090B0K77
chr15	40767940	EOG090B0CMV	chr4	63661889	EOG090B0CMV
chr15	40807590	EOG090B08AF	chr4	63691734	EOG090B08AF
chr15	40894769	EOG090B01FE	chr4	63835022	EOG090B01FE
chr15	41163162	EOG090B0B36	chr2	253145823	EOG090B0B36
chr15	41338315	EOG090B06BG	chr4	64507588	EOG090B06BG
chr15	41417236	EOG090B0629	chr4	64559558	EOG090B0629
chr15	41517542	EOG090B01Q9	chr4	65099296	EOG090B01Q9
chr15	42544083	EOG090B0DF7	chr4	66733065	EOG090B0DF7
chr15	42548873	EOG090B0G1S	chr4	66739762	EOG090B0G1S
chr15	42723476	EOG090B00VM	chr4	66936897	EOG090B00VM
chr15	43133863	EOG090B02SA	chr4	67423194	EOG090B02SA
chr15	43185499	EOG090B0ALD	chr14	80541	EOG090B0ALD
chr15	43327652	EOG090B098W	chr10	83440712	EOG090B098W
chr15	43334208	EOG090B09B3	chr10	29796542	EOG090B09B3
chr15	43371355	EOG090B03IF	chr10	201692	EOG090B03IF
chr15	43407383	EOG090B00BV	chr10	244131	EOG090B00BV
chr15	43805094	EOG090B0CE3	chr10	907051	EOG090B0CE3
chr15	45023284	EOG090B087T	chr10	40915033	EOG090B087T
chr15	45362109	EOG090B06Z8	chr10	19372948	EOG090B06Z8
chr15	45643530	EOG090B06QL	chr10	19901994	EOG090B06QL
chr15	48120037	EOG090B05MM	chr10	21295189	EOG090B05MM
chr15	49215977	EOG090B0680	chr10	20569406	EOG090B0680
chr15	49618728	EOG090B097H	chr10	20380016	EOG090B097H
chr15	50242260	EOG090B03A0	chr10	19468516	EOG090B03A0
chr15	51681756	EOG090B06I2	chr10	22969970	EOG090B06I2
chr15	51723607	EOG090B0FNL	chr10	23035501	EOG090B0FNL
chr15	51938156	EOG090B04T5	chr10	23254979	EOG090B04T5
chr15	52582154	EOG090B01CT	chr10	23912353	EOG090B01CT
chr15	55311990	EOG090B049P	chr10	25666466	EOG090B049P
chr15	55355797	EOG090B02M5	chr10	25678257	EOG090B02M5
chr15	56373296	EOG090B07T9	chr10	26300847	EOG090B07T9
chr15	56429101	EOG090B08L4	chr10	26341039	EOG090B08L4
chr15	57599674	EOG090B01XI	chr10	27148184	EOG090B01XI
chr15	58536202	EOG090B075X	chr10	27640895	EOG090B075X
chr15	58879999	EOG090B02M4	chr10	27922997	EOG090B02M4
chr15	59018953	EOG090B02F4	chr10	27971003	EOG090B02F4
chr15	59207016	EOG090B05TT	chr4	109700079	EOG090B05TT
chr15	59659652	EOG090B06U9	chr10	31858823	EOG090B06U9
chr15	60420927	EOG090B01OW	chr10	32410984	EOG090B01OW
chr15	63121872	EOG090B057T	chr10	34283577	EOG090B057T
chr15	63521323	EOG090B04JC	chr10	34557538	EOG090B04JC
chr15	63597393	EOG090B0C74	chr10	34610384	EOG090B0C74
chr15	64381556	EOG090B04HO	chr10	41518218	EOG090B04HO
chr15	64816298	EOG090B03R5	chr8	113950917	EOG090B03R5
chr15	64963620	EOG090B09AC	chr10	7622414	EOG090B09AC
chr15	65003062	EOG090B0822	chr10	7414876	EOG090B0822
chr15	65150823	EOG090B04OR	chr10	7593101	EOG090B04OR
chr15	65259407	EOG090B08Z1	chr10	7315861	EOG090B08Z1
chr15	66293597	EOG090B01IB	chr10	6045454	EOG090B01IB
chr15	66505265	EOG090B03VL	chr10	5893506	EOG090B03VL
chr15	67202821	EOG090B0BJW	chr10	5054638	EOG090B0BJW
chr15	68208140	EOG090B09T0	chr10	4517938	EOG090B09T0
chr15	68278418	EOG090B03DC	chr10	4497222	EOG090B03DC
chr15	69254531	EOG090B05I6	chr10	3791614	EOG090B05I6
chr15	72139624	EOG090B0D0V	chr10	43274539	EOG090B0D0V
chr15	72695235	EOG090B06UR	chr10	44239959	EOG090B06UR
chr15	72752341	EOG090B06WK	chr10	44308094	EOG090B06WK
chr15	73699640	EOG090B0CTO	chr10	45872550	EOG090B0CTO
chr15	74446090	EOG090B09YY	chr10	39980968	EOG090B09YY
chr15	75028319	EOG090B0EH3	chr10	39181430	EOG090B0EH3
chr15	75355906	EOG090B01DL	chr10	38821002	EOG090B01DL
chr15	75903964	EOG090B07GT	chr10	36031142	EOG090B07GT
chr15	76269133	EOG090B0A1P	chr10	36240245	EOG090B0A1P
chr15	77454776	EOG090B09VK	chr10	37248053	EOG090B09VK
chr15	80153055	EOG090B0654	chr10	16489475	EOG090B0654
chr15	80861835	EOG090B00KR	chr10	16944647	EOG090B00KR
chr15	80979219	EOG090B0HGF	chr10	17052882	EOG090B0HGF
chr15	81254129	EOG090B01GG	chr10	17217136	EOG090B01GG
chr15	81313256	EOG090B0EK2	chr10	17273288	EOG090B0EK2
chr15	82544592	EOG090B04RQ	chr10	42402159	EOG090B04RQ
chr15	82744041	EOG090B02AA	chr10	19064776	EOG090B02AA
chr15	83147930	EOG090B0FHL	chr10	18695525	EOG090B0FHL
chr15	88459613	EOG090B09ZA	chr10	15100319	EOG090B09ZA
chr15	88506725	EOG090B03X4	chr10	15128998	EOG090B03X4
chr15	89247648	EOG090B00P0	chr10	15572317	EOG090B00P0
chr15	89575587	EOG090B02R7	chr10	15890562	EOG090B02R7
chr15	99258644	EOG090B031V	chr1	263390323	EOG090B031V
chr15	100612217	EOG090B08KX	chr10	8445930	EOG090B08KX
chr15	101281724	EOG090B0B0I	chr10	7962053	EOG090B0B0I
chr15	101642479	EOG090B0D8F	chr10	29814390	EOG090B0D8F
chr16	78310	EOG090B09PP	chr10	54433706	EOG090B09PP
chr16	367675	EOG090B0CTS	chr10	54170794	EOG090B0CTS
chr16	574075	EOG090B05IM	chr10	50232291	EOG090B05IM
chr16	694275	EOG090B05PZ	scaffold_38_arrow_ctg1	1152805	EOG090B05PZ
chr16	785950	EOG090B0A7T	chr10	81527433	EOG090B0A7T
chr16	788685	EOG090B0CP9	chr10	81494822	EOG090B0CP9
chr16	1349437	EOG090B0CW6	chr10	86300010	EOG090B0CW6
chr16	1352128	EOG090B09SJ	chr10	86309012	EOG090B09SJ
chr16	1534276	EOG090B0EGT	scaffold_38_arrow_ctg1	2319182	EOG090B0EGT
chr16	1614640	EOG090B038C	scaffold_38_arrow_ctg1	2009736	EOG090B038C
chr16	1711601	EOG090B00SY	scaffold_38_arrow_ctg1	1696381	EOG090B00SY
chr16	1809283	EOG090B09UN	chr10	81678213	EOG090B09UN
chr16	1834256	EOG090B05TU	chr10	81696393	EOG090B05TU
chr16	1959625	EOG090B0HTB	chr10	82064596	EOG090B0HTB
chr16	1972165	EOG090B02ET	chr10	82074201	EOG090B02ET
chr16	1998232	EOG090B026T	chr10	82213797	EOG090B026T
chr16	2039924	EOG090B08BT	chr10	82398510	EOG090B08BT
chr16	2165885	EOG090B0398	chr10	82899915	EOG090B0398
chr16	2209362	EOG090B0DUA	chr10	83191306	EOG090B0DUA
chr16	2239979	EOG090B0DC7	chr10	53553692	EOG090B0DC7
chr16	2424617	EOG090B02PP	chr11	6517	EOG090B02PP
chr16	2520740	EOG090B069L	scaffold_38_arrow_ctg1	2707162	EOG090B069L
chr16	3476228	EOG090B0BJS	chr10	53428143	EOG090B0BJS
chr16	3504731	EOG090B08Y7	chr10	51547196	EOG090B08Y7
chr16	3536845	EOG090B01OE	chr10	51728569	EOG090B01OE
chr16	4512572	EOG090B0HIE	chr10	53143921	EOG090B0HIE
chr16	4696880	EOG090B038O	chr10	51394153	EOG090B038O
chr16	4805236	EOG090B03O3	chr10	55809340	EOG090B03O3
chr16	5025478	EOG090B05T3	chr10	56157206	EOG090B05T3
chr16	5071994	EOG090B06R1	chr10	56227476	EOG090B06R1
chr16	8625666	EOG090B08FF	chr10	60240285	EOG090B08FF
chr16	8730717	EOG090B04U6	chr10	60408894	EOG090B04U6
chr16	11679195	EOG090B026Q	chr10	63620284	EOG090B026Q
chr16	11749288	EOG090B02VH	chr10	63735213	EOG090B02VH
chr16	12664886	EOG090B09J4	chr10	65387325	EOG090B09J4
chr16	14536067	EOG090B04HJ	chr10	63873245	EOG090B04HJ
chr16	14993190	EOG090B037P	chr10	66256275	EOG090B037P
chr16	15596693	EOG090B00BQ	chr10	66446040	EOG090B00BQ
chr16	15867440	EOG090B0HXD	chr10	66622700	EOG090B0HXD
chr16	19061650	EOG090B0CT3	chr10	68643953	EOG090B0CT3
chr16	19456707	EOG090B01P0	chr10	68720688	EOG090B01P0
chr16	20031455	EOG090B0CE4	chr15	26628935	EOG090B0CE4
chr16	20859886	EOG090B09RT	chr10	69581452	EOG090B09RT
chr16	20915556	EOG090B0GOP	chr10	69611534	EOG090B0GOP
chr16	21258781	EOG090B0AXA	chr10	69833174	EOG090B0AXA
chr16	21599734	EOG090B0ATP	chr10	70255136	EOG090B0ATP
chr16	22225730	EOG090B02GN	chr10	70117594	EOG090B02GN
chr16	22297318	EOG090B02UK	chr10	70153758	EOG090B02UK
chr16	23388920	EOG090B02CW	chr10	84489644	EOG090B02CW
chr16	23524371	EOG090B056G	chr10	84448739	EOG090B056G
chr16	23557952	EOG090B0A3F	chr10	84440344	EOG090B0A3F
chr16	23641543	EOG090B0H64	chr10	84332261	EOG090B0H64
chr16	27210124	EOG090B07CH	chr10	85890742	EOG090B07CH
chr16	27225157	EOG090B0BZW	chr10	85911207	EOG090B0BZW
chr16	28098538	EOG090B013L	chr10	50922823	EOG090B013L
chr16	46659933	EOG090B029N	chr12	19772096	EOG090B029N
chr16	50025316	EOG090B0LZU	chr12	17163561	EOG090B0LZU
chr16	50066132	EOG090B04OL	chr12	17127282	EOG090B04OL
chr16	50605790	EOG090B06WG	chr12	16440028	EOG090B06WG
chr16	50660580	EOG090B08TV	chr12	16343474	EOG090B08TV
chr16	51134800	EOG090B00YJ	chr12	15950046	EOG090B00YJ
chr16	53602076	EOG090B01V8	chr12	14054745	EOG090B01V8
chr16	53807501	EOG090B07LJ	chr12	13916600	EOG090B07LJ
chr16	55479480	EOG090B02RS	chr12	12255671	EOG090B02RS
chr16	56362909	EOG090B04F2	chr12	8750868	EOG090B04F2
chr16	56432712	EOG090B0DW4	chr12	8734868	EOG090B0DW4
chr16	56484761	EOG090B02NS	chr12	8683965	EOG090B02NS
chr16	56744856	EOG090B025L	chr12	8465824	EOG090B025L
chr16	57447506	EOG090B0AQ7	chr12	7547710	EOG090B0AQ7
chr16	57462725	EOG090B0BM8	chr12	7461040	EOG090B0BM8
chr16	58001484	EOG090B0G0Z	chr12	6864183	EOG090B0G0Z
chr16	58114025	EOG090B0F8F	chr12	6771175	EOG090B0F8F
chr16	58667385	EOG090B07I2	chr12	6295405	EOG090B07I2
chr16	66511968	EOG090B0FU6	chr12	26585567	EOG090B0FU6
chr16	66604806	EOG090B0JV5	chr12	26543375	EOG090B0JV5
chr16	66616638	EOG090B0DVE	chr12	26512440	EOG090B0DVE
chr16	66758759	EOG090B07E5	chr12	26351823	EOG090B07E5
chr16	66783018	EOG090B0543	chr12	26336171	EOG090B0543
chr16	66844488	EOG090B07TC	chr2	230774459	EOG090B07TC
chr16	66932203	EOG090B0G4I	chr12	26092815	EOG090B0G4I
chr16	67029408	EOG090B0FBZ	chr12	9468342	EOG090B0FBZ
chr16	67110176	EOG090B06HU	chr12	9598223	EOG090B06HU
chr16	67154649	EOG090B0AN1	chr12	9694233	EOG090B0AN1
chr16	67431249	EOG090B0825	chr12	5553146	EOG090B0825
chr16	67873262	EOG090B00Y2	chr12	4992089	EOG090B00Y2
chr16	68301275	EOG090B0CT7	chr12	10511366	EOG090B0CT7
chr16	69130651	EOG090B04SR	chr12	41321588	EOG090B04SR
chr16	69343407	EOG090B0CQC	chr12	41416641	EOG090B0CQC
chr16	70479590	EOG090B02IC	chr12	4318256	EOG090B02IC
chr16	71283608	EOG090B022G	chr12	3111461	EOG090B022G
chr16	71568144	EOG090B05JX	chr12	44031667	EOG090B05JX
chr16	71648890	EOG090B00MR	chr12	43904299	EOG090B00MR
chr16	72086637	EOG090B0G4R	chr1	201452544	EOG090B0G4R
chr16	74296915	EOG090B0B4Z	chr12	41842401	EOG090B0B4Z
chr16	74623928	EOG090B03SJ	chr12	1409330	EOG090B03SJ
chr16	74874209	EOG090B01LY	chr12	993537	EOG090B01LY
chr16	75539551	EOG090B0A25	chr12	44238594	EOG090B0A25
chr16	77814042	EOG090B07L8	chr12	31018008	EOG090B07L8
chr16	78022627	EOG090B0E8Q	chr12	31111458	EOG090B0E8Q
chr16	80604388	EOG090B05DS	chr12	32954913	EOG090B05DS
chr16	81001640	EOG090B086T	chr12	33108731	EOG090B086T
chr16	81035871	EOG090B034M	chr12	33134034	EOG090B034M
chr16	81633055	EOG090B028J	chr12	33581374	EOG090B028J
chr16	82148731	EOG090B0H77	chr12	33973152	EOG090B0H77
chr16	84054449	EOG090B014X	chr12	9843190	EOG090B014X
chr16	84124630	EOG090B08TX	chr12	9812545	EOG090B08TX
chr16	84294972	EOG090B0CNW	chr12	35539074	EOG090B0CNW
chr16	84479913	EOG090B06LF	chr12	35617843	EOG090B06LF
chr16	84566845	EOG090B0GLR	chr12	35739543	EOG090B0GLR
chr16	84650547	EOG090B03QU	chr12	35769425	EOG090B03QU
chr16	85067072	EOG090B07HB	chr12	37805044	EOG090B07HB
chr16	85779708	EOG090B0CWC	chr12	37212166	EOG090B0CWC
chr16	85884953	EOG090B069M	chr12	37129443	EOG090B069M
chr16	86532011	EOG090B082R	chr12	36696694	EOG090B082R
chr16	87326568	EOG090B05GR	chr12	37895083	EOG090B05GR
chr16	87828551	EOG090B05JS	chr12	38326105	EOG090B05JS
chr16	87975116	EOG090B05ZP	chr12	38490054	EOG090B05ZP
chr16	89081284	EOG090B0579	chr12	40080421	EOG090B0579
chr16	89881113	EOG090B04EZ	chr12	40954750	EOG090B04EZ
chr17	443164	EOG090B0HV0	chr17	4548277	EOG090B0HV0
chr17	519128	EOG090B02JN	chr17	4459957	EOG090B02JN
chr17	760173	EOG090B09QI	chr17	4412446	EOG090B09QI
chr17	782379	EOG090B061Z	chr17	4407408	EOG090B061Z
chr17	800949	EOG090B09MU	chr17	4351499	EOG090B09MU
chr17	997143	EOG090B0GYG	chr17	3162574	EOG090B0GYG
chr17	1650802	EOG090B004D	chr17	573000	EOG090B004D
chr17	1725038	EOG090B00DR	chr17	673752	EOG090B00DR
chr17	1762237	EOG090B08DH	chr17	712683	EOG090B08DH
chr17	1781286	EOG090B02M7	chr17	719008	EOG090B02M7
chr17	2274370	EOG090B00L1	chr17	1122721	EOG090B00L1
chr17	3476160	EOG090B09DR	chr17	3917599	EOG090B09DR
chr17	3610560	EOG090B05YV	chr17	3820760	EOG090B05YV
chr17	3813044	EOG090B04VJ	chr17	12317029	EOG090B04VJ
chr17	4006890	EOG090B003S	chr17	17095005	EOG090B003S
chr17	4143816	EOG090B0FGM	chr17	17091487	EOG090B0FGM
chr17	4167779	EOG090B011C	chr17	17032518	EOG090B011C
chr17	5307031	EOG090B02GF	chr17	17756588	EOG090B02GF
chr17	5420211	EOG090B0EUR	chr17	17730532	EOG090B0EUR
chr17	5426619	EOG090B0ESX	chr17	17721827	EOG090B0ESX
chr17	5512040	EOG090B0BOW	chr6	84728640	EOG090B0BOW
chr17	6644467	EOG090B0GWV	chr17	12092631	EOG090B0GWV
chr17	10681119	EOG090B0C3D	chr15	3509003	EOG090B0C3D
chr17	12706411	EOG090B032B	chr15	3781420	EOG090B032B
chr17	12992818	EOG090B02IL	chr15	4329706	EOG090B02IL
chr17	15978047	EOG090B0GYT	chr17	3372900	EOG090B0GYT
chr17	17213655	EOG090B04I5	chr10	78463071	EOG090B04I5
chr17	17247098	EOG090B06DB	chr10	78472099	EOG090B06DB
chr17	17488157	EOG090B0KX3	chr10	78599558	EOG090B0KX3
chr17	17505791	EOG090B0CYQ	chr10	78653920	EOG090B0CYQ
chr17	18018549	EOG090B0B5S	chr10	79115539	EOG090B0B5S
chr17	18088024	EOG090B08U6	chr10	79142629	EOG090B08U6
chr17	18184244	EOG090B085Z	chr10	79278132	EOG090B085Z
chr17	18274802	EOG090B018F	chr10	79438246	EOG090B018F
chr17	19283120	EOG090B056M	chr10	79740874	EOG090B056M
chr17	19343319	EOG090B0CY9	chr10	79807324	EOG090B0CY9
chr17	19776349	EOG090B01IL	chr17	4166815	EOG090B01IL
chr17	20194057	EOG090B01UD	chr17	3241289	EOG090B01UD
chr17	21171412	EOG090B09F8	chr10	78011455	EOG090B09F8
chr17	21198324	EOG090B0EA0	chr10	78010432	EOG090B0EA0
chr17	27294396	EOG090B05YS	chr17	9421987	EOG090B05YS
chr17	28319240	EOG090B0FQ3	chr17	9923831	EOG090B0FQ3
chr17	28328652	EOG090B0I1W	chr17	9933369	EOG090B0I1W
chr17	28357671	EOG090B0GQC	chr17	1230755	EOG090B0GQC
chr17	28372033	EOG090B02OL	chr17	1273941	EOG090B02OL
chr17	28399656	EOG090B07MH	chr17	1292389	EOG090B07MH
chr17	28554220	EOG090B04X0	chr17	1490643	EOG090B04X0
chr17	28673402	EOG090B00I9	chr17	1587886	EOG090B00I9
chr17	28855308	EOG090B07KG	chr17	1821534	EOG090B07KG
chr17	29267484	EOG090B047E	chr17	2249134	EOG090B047E
chr17	30068590	EOG090B0A6I	chr5	27195978	EOG090B0A6I
chr17	30231529	EOG090B044A	chr17	2850036	EOG090B044A
chr17	30784187	EOG090B06MP	chr15	20724213	EOG090B06MP
chr17	32111558	EOG090B097A	chr15	10329370	EOG090B097A
chr17	32283889	EOG090B081K	chr15	20952258	EOG090B081K
chr17	32331763	EOG090B073A	chr15	21008681	EOG090B073A
chr17	34961567	EOG090B0AW4	chr2	114761870	EOG090B0AW4
chr17	35560443	EOG090B08K0	chr17	20064031	EOG090B08K0
chr17	36545725	EOG090B02NI	chr17	7072816	EOG090B02NI
chr17	36601811	EOG090B088G	chr17	7205282	EOG090B088G
chr17	36949126	EOG090B06Y9	chr17	7699457	EOG090B06Y9
chr17	37407263	EOG090B06HT	chr17	7993049	EOG090B06HT
chr17	37518940	EOG090B00ZG	chr17	8076812	EOG090B00ZG
chr17	37614296	EOG090B04U8	chr17	8141847	EOG090B04U8
chr17	38282012	EOG090B0B3J	chr23	4950815	EOG090B0B3J
chr17	38800698	EOG090B0BJY	chr23	4241912	EOG090B0BJY
chr17	39407475	EOG090B03MM	chr23	3789840	EOG090B03MM
chr17	40143042	EOG090B05VL	chr23	2963065	EOG090B05VL
chr17	41965880	EOG090B04VC	chr23	1965130	EOG090B04VC
chr17	42567125	EOG090B0CXI	chr23	1205665	EOG090B0CXI
chr17	42980577	EOG090B04WA	chr23	834717	EOG090B04WA
chr17	44308860	EOG090B06IY	chr23	7981339	EOG090B06IY
chr17	44659898	EOG090B0GZU	chr23	12691266	EOG090B0GZU
chr17	45006533	EOG090B0DLJ	chr23	13327509	EOG090B0DLJ
chr17	46923193	EOG090B0E2I	chr23	12148806	EOG090B0E2I
chr17	47556373	EOG090B01L6	chr23	4987689	EOG090B01L6
chr17	47650245	EOG090B01SX	chr23	5058143	EOG090B01SX
chr17	47824205	EOG090B0C20	chr23	5299121	EOG090B0C20
chr17	48112044	EOG090B03W8	chr23	5556269	EOG090B03W8
chr17	48911259	EOG090B0CW4	chr23	6168282	EOG090B0CW4
chr17	49691535	EOG090B09V6	chr23	6839214	EOG090B09V6
chr17	50185502	EOG090B0356	chr2	47625512	EOG090B0356
chr17	50465298	EOG090B0913	chr15	16194733	EOG090B0913
chr17	50547209	EOG090B02W7	chr15	16301907	EOG090B02W7
chr17	50719733	EOG090B0C6G	chr15	16803097	EOG090B0C6G
chr17	51260534	EOG090B08C4	chr15	17234257	EOG090B08C4
chr17	54962733	EOG090B0D3Z	chr15	18936537	EOG090B0D3Z
chr17	56978160	EOG090B06OL	chr15	19963791	EOG090B06OL
chr17	57105465	EOG090B023P	chr17	9136975	EOG090B023P
chr17	58206079	EOG090B04BT	chr17	24552485	EOG090B04BT
chr17	58491663	EOG090B00ZU	chr17	23133426	EOG090B00ZU
chr17	58987989	EOG090B01GF	chr17	5073708	EOG090B01GF
chr17	59210052	EOG090B01HM	chr17	5186646	EOG090B01HM
chr17	59220610	EOG090B09N1	chr17	5199241	EOG090B09N1
chr17	59697439	EOG090B0GXN	chr17	5474885	EOG090B0GXN
chr17	59860322	EOG090B062H	chr17	5575835	EOG090B062H
chr17	59973542	EOG090B02DZ	chr17	5373642	EOG090B02DZ
chr17	60043563	EOG090B01CM	chr17	8292247	EOG090B01CM
chr17	60849016	EOG090B01SW	chr17	6427769	EOG090B01SW
chr17	61683296	EOG090B00R5	chr17	5831783	EOG090B00R5
chr17	63698552	EOG090B0I1Z	chr23	8606398	EOG090B0I1Z
chr17	63746881	EOG090B07GQ	chr23	8521768	EOG090B07GQ
chr17	63819802	EOG090B04WE	chr23	11983220	EOG090B04WE
chr17	64477823	EOG090B06BA	chr15	21376010	EOG090B06BA
chr17	67078252	EOG090B009K	chr15	21978509	EOG090B009K
chr17	67340843	EOG090B05VB	chr15	21930638	EOG090B05VB
chr17	67717948	EOG090B02TT	chr15	21700887	EOG090B02TT
chr17	68537477	EOG090B05AC	chr15	23541181	EOG090B05AC
chr17	74281818	EOG090B05UG	chr15	26544461	EOG090B05UG
chr17	74777331	EOG090B05IL	chr15	15633969	EOG090B05IL
chr17	74878331	EOG090B0CRC	chr15	15502216	EOG090B0CRC
chr17	75013053	EOG090B0EFV	chr15	15304844	EOG090B0EFV
chr17	75110289	EOG090B0EER	chr15	15141045	EOG090B0EER
chr17	75205762	EOG090B039L	chr15	15071978	EOG090B039L
chr17	75261901	EOG090B0DDC	chr15	15026000	EOG090B0DDC
chr17	75516561	EOG090B06N0	chr15	14658288	EOG090B06N0
chr17	75758056	EOG090B0867	chr15	14272201	EOG090B0867
chr17	75827965	EOG090B00Y8	chr15	14126831	EOG090B00Y8
chr17	75898850	EOG090B06RN	chr15	14055900	EOG090B06RN
chr17	75929547	EOG090B038W	chr15	13963808	EOG090B038W
chr17	76039706	EOG090B0462	chr15	13857701	EOG090B0462
chr17	76083385	EOG090B0307	chr15	13761537	EOG090B0307
chr17	76145235	EOG090B0334	chr15	13634635	EOG090B0334
chr17	76726759	EOG090B0DG4	chr15	12782670	EOG090B0DG4
chr17	78174759	EOG090B0CMR	chr15	28971266	EOG090B0CMR
chr17	78378666	EOG090B05DR	chr15	28830592	EOG090B05DR
chr17	79940859	EOG090B038I	chr15	27910838	EOG090B038I
chr17	80036663	EOG090B01VY	chr15	27864254	EOG090B01VY
chr17	81559259	EOG090B04C1	chr15	26701099	EOG090B04C1
chr17	81912416	EOG090B0948	chr15	29261539	EOG090B0948
chr17	82444004	EOG090B0FCA	chr15	10539637	EOG090B0FCA
chr17	82830142	EOG090B03GN	chr15	10153845	EOG090B03GN
chr18	158699	EOG090B04GT	chr2	212187314	EOG090B04GT
chr18	213468	EOG090B03H9	chr2	212145376	EOG090B03H9
chr18	2539000	EOG090B06EL	chr2	210649449	EOG090B06EL
chr18	2572986	EOG090B06FW	chr2	210623272	EOG090B06FW
chr18	10522548	EOG090B0AQF	chr2	205297017	EOG090B0AQF
chr18	11884445	EOG090B07T8	chr2	204002140	EOG090B07T8
chr18	12673365	EOG090B032Z	chr2	203515893	EOG090B032Z
chr18	12703108	EOG090B0BRL	chr2	203486860	EOG090B0BRL
chr18	13039785	EOG090B00EW	chr2	203198123	EOG090B00EW
chr18	13666480	EOG090B0BZB	chr2	202675912	EOG090B0BZB
chr18	13731518	EOG090B076Z	chr2	202642268	EOG090B076Z
chr18	21651591	EOG090B07ED	chr2	212811861	EOG090B07ED
chr18	21741584	EOG090B019C	chr2	212858237	EOG090B019C
chr18	23449517	EOG090B051T	chr2	213862276	EOG090B051T
chr18	23503619	EOG090B01JU	chr2	213893257	EOG090B01JU
chr18	24426757	EOG090B0AJS	chr2	214536612	EOG090B0AJS
chr18	26580576	EOG090B0ATK	chr12	7573762	EOG090B0ATK
chr18	32267871	EOG090B0270	chr2	219411613	EOG090B0270
chr18	32412214	EOG090B06DA	chr22	4116979	EOG090B06DA
chr18	35468611	EOG090B0H2S	chr2	111484308	EOG090B0H2S
chr18	35972729	EOG090B0ED1	chr2	110776920	EOG090B0ED1
chr18	36129934	EOG090B01QB	chr2	120047441	EOG090B01QB
chr18	41957277	EOG090B01SN	chr6	127078004	EOG090B01SN
chr18	43270341	EOG090B06PO	chr6	126137471	EOG090B06PO
chr18	44937546	EOG090B00L0	chr6	125172246	EOG090B00L0
chr18	46104412	EOG090B0CPL	chr6	124228132	EOG090B0CPL
chr18	46215881	EOG090B084F	chr6	124152336	EOG090B084F
chr18	47630112	EOG090B0CIY	chr2	184253002	EOG090B0CIY
chr18	48029260	EOG090B044O	chr6	122613545	EOG090B044O
chr18	56603027	EOG090B09RI	chr6	116721665	EOG090B09RI
chr18	57550712	EOG090B072I	chr6	116019472	EOG090B072I
chr18	58481823	EOG090B00BC	chr6	115210847	EOG090B00BC
chr18	61815852	EOG090B0DXJ	chr2	170347816	EOG090B0DXJ
chr18	62209728	EOG090B00Z9	chr2	170697438	EOG090B00Z9
chr18	63331782	EOG090B08K4	chr2	171539994	EOG090B08K4
chr18	74148809	EOG090B0CV3	chr2	194691955	EOG090B0CV3
chr18	74436501	EOG090B08PV	chr2	194339816	EOG090B08PV
chr18	75201416	EOG090B0A0N	chr2	193585348	EOG090B0A0N
chr18	76979127	EOG090B0JY2	chr2	192327696	EOG090B0JY2
chr18	79679948	EOG090B02QT	chr2	189903870	EOG090B02QT
chr19	868373	EOG090B01R7	chr22	5404158	EOG090B01R7
chr19	2164185	EOG090B00X1	chr22	10469329	EOG090B00X1
chr19	2243419	EOG090B0E4S	chr22	10431884	EOG090B0E4S
chr19	4247147	EOG090B0D9C	chr22	8496670	EOG090B0D9C
chr19	4402763	EOG090B03C5	chr22	8319211	EOG090B03C5
chr19	4658005	EOG090B0HY0	chr22	7906217	EOG090B0HY0
chr19	5455702	EOG090B09R5	chr9	28789098	EOG090B09R5
chr19	5916238	EOG090B06OA	chr22	16714632	EOG090B06OA
chr19	16500793	EOG090B0BZI	chr22	307942	EOG090B0BZI
chr19	16553679	EOG090B07LD	chr22	346139	EOG090B07LD
chr19	16829421	EOG090B02IF	chr22	482938	EOG090B02IF
chr19	17049873	EOG090B092A	chr22	658955	EOG090B092A
chr19	17744791	EOG090B03EE	chr22	3519218	EOG090B03EE
chr19	18307464	EOG090B0JK8	chr22	1487274	EOG090B0JK8
chr19	18532169	EOG090B08XK	chr22	1767372	EOG090B08XK
chr19	18899679	EOG090B0ALC	chr22	2109730	EOG090B0ALC
chr19	19042757	EOG090B080P	chr22	2229153	EOG090B080P
chr19	19276648	EOG090B04IY	chr22	2719811	EOG090B04IY
chr19	19645422	EOG090B014G	scaffold_66_arrow_ctg1	332402	EOG090B014G
chr19	29606319	EOG090B0DPA	chr12	21142771	EOG090B0DPA
chr19	29975867	EOG090B06OK	chr12	21458336	EOG090B06OK
chr19	32345649	EOG090B051P	chr12	23276395	EOG090B051P
chr19	32879162	EOG090B03GS	chr12	23914591	EOG090B03GS
chr19	33081194	EOG090B02HJ	chr12	24082244	EOG090B02HJ
chr19	47130931	EOG090B09CW	scaffold_48_arrow_ctg1	800628	EOG090B09CW
chr20	1118774	EOG090B0AAY	chr14	3588820	EOG090B0AAY
chr20	1440419	EOG090B08F2	chr14	3776456	EOG090B08F2
chr20	3046069	EOG090B0GKM	chr5	7951462	EOG090B0GKM
chr20	3110106	EOG090B03FG	chr5	7869709	EOG090B03FG
chr20	3190653	EOG090B0G4N	chr5	7610993	EOG090B0G4N
chr20	3209552	EOG090B0F68	chr4	152694749	EOG090B0F68
chr20	4175056	EOG090B04HK	chr5	8696882	EOG090B04HK
chr20	5547661	EOG090B03J1	chr3	217168828	EOG090B03J1
chr20	5938535	EOG090B07HR	chr3	216975671	EOG090B07HR
chr20	5952016	EOG090B038E	chr3	216942245	EOG090B038E
chr20	7883593	EOG090B08A7	chr3	215894196	EOG090B08A7
chr20	9514853	EOG090B0BSH	chr3	214626988	EOG090B0BSH
chr20	10405247	EOG090B048T	chr3	213988992	EOG090B048T
chr20	13259575	EOG090B05NZ	chr3	212505658	EOG090B05NZ
chr20	13785069	EOG090B09SB	chr3	212176103	EOG090B09SB
chr20	14325557	EOG090B03EG	chr3	211902933	EOG090B03EG
chr20	17494074	EOG090B04AX	chr3	205289216	EOG090B04AX
chr20	17969860	EOG090B0877	chr3	218055702	EOG090B0877
chr20	18142661	EOG090B02FE	chr3	218167566	EOG090B02FE
chr20	18467507	EOG090B09U5	chr3	218240272	EOG090B09U5
chr20	18588073	EOG090B0EJF	chr3	218306858	EOG090B0EJF
chr20	20481291	EOG090B007D	chr3	219438508	EOG090B007D
chr20	20854262	EOG090B0IJ7	chr10	72778964	EOG090B0IJ7
chr20	25407821	EOG090B0DYR	chr3	223947877	EOG090B0DYR
chr20	31514552	EOG090B08J7	chr14	3000452	EOG090B08J7
chr20	32207942	EOG090B06RG	chr14	2550601	EOG090B06RG
chr20	32309778	EOG090B03O2	chr14	2528211	EOG090B03O2
chr20	32703382	EOG090B0E39	chr14	2335987	EOG090B0E39
chr20	33359043	EOG090B0IT6	chr14	2006978	EOG090B0IT6
chr20	33676732	EOG090B09GI	chr14	28897345	EOG090B09GI
chr20	33707706	EOG090B0D49	chr14	28883493	EOG090B0D49
chr20	34246070	EOG090B0FHA	chr13	7621646	EOG090B0FHA
chr20	34560866	EOG090B0633	chr14	27046417	EOG090B0633
chr20	34928828	EOG090B062Z	chr14	30545556	EOG090B062Z
chr20	35279197	EOG090B0BUH	chr14	32858872	EOG090B0BUH
chr20	35433909	EOG090B06DQ	chr2	255131808	EOG090B06DQ
chr20	35542098	EOG090B088Z	chr14	33246082	EOG090B088Z
chr20	35669622	EOG090B071M	chr14	32346723	EOG090B071M
chr20	35750507	EOG090B0A5U	chr3	95168623	EOG090B0A5U
chr20	36605952	EOG090B0GBD	chr14	26652790	EOG090B0GBD
chr20	37179357	EOG090B0463	chr14	21391256	EOG090B0463
chr20	37301264	EOG090B0KVA	chr14	21351625	EOG090B0KVA
chr20	37724168	EOG090B04GU	chr14	1580773	EOG090B04GU
chr20	37983456	EOG090B016Q	chr14	1750774	EOG090B016Q
chr20	38869655	EOG090B058S	chr14	23527343	EOG090B058S
chr20	38926443	EOG090B07UI	chr14	23473016	EOG090B07UI
chr20	38962368	EOG090B02U3	scaffold_32_arrow_ctg1	4585909	EOG090B02U3
chr20	43593960	EOG090B06KP	chr14	25616186	EOG090B06KP
chr20	43667284	EOG090B03IW	chr14	25573105	EOG090B03IW
chr20	44301514	EOG090B0C65	chr14	20034093	EOG090B0C65
chr20	44480000	EOG090B086K	chr14	20188566	EOG090B086K
chr20	44756134	EOG090B0BTI	chr14	20501680	EOG090B0BTI
chr20	45363367	EOG090B0FJ9	chr14	21145175	EOG090B0FJ9
chr20	45416157	EOG090B05DZ	chr14	21210552	EOG090B05DZ
chr20	45841475	EOG090B0BRE	chr14	1141771	EOG090B0BRE
chr20	45934674	EOG090B02TD	chr14	1063713	EOG090B02TD
chr20	46062300	EOG090B08FE	chr14	671344	EOG090B08FE
chr20	46677742	EOG090B0D3X	chr14	19667328	EOG090B0D3X
chr20	47071865	EOG090B0636	chr3	112529872	EOG090B0636
chr20	47859788	EOG090B0DMX	chr18	11258370	EOG090B0DMX
chr20	49115778	EOG090B05TI	chr14	17715747	EOG090B05TI
chr20	49219356	EOG090B057Y	chr14	117549	EOG090B057Y
chr20	49247267	EOG090B00A5	chr14	93608	EOG090B00A5
chr20	49829684	EOG090B041P	chr14	17129393	EOG090B041P
chr20	49905619	EOG090B05TH	chr14	17009686	EOG090B05TH
chr20	49936413	EOG090B0C6H	chr14	16988427	EOG090B0C6H
chr20	53234032	EOG090B01KL	chr14	14831986	EOG090B01KL
chr20	53571744	EOG090B019E	chr14	14689616	EOG090B019E
chr20	56345351	EOG090B0IMM	chr14	13366288	EOG090B0IMM
chr20	56395553	EOG090B0609	chr14	13309923	EOG090B0609
chr20	56468698	EOG090B0C0I	chr14	13243848	EOG090B0C0I
chr20	56491557	EOG090B07FM	chr14	13267996	EOG090B07FM
chr20	57354039	EOG090B07MC	chr14	12730940	EOG090B07MC
chr20	58652007	EOG090B0AWI	chr14	11634204	EOG090B0AWI
chr20	58981256	EOG090B03WN	chr14	11228029	EOG090B03WN
chr20	59943944	EOG090B0AXX	chr14	10564128	EOG090B0AXX
chr20	62182530	EOG090B07IF	chr14	8869097	EOG090B07IF
chr20	62656455	EOG090B02DX	chr14	7889154	EOG090B02DX
chr20	62796524	EOG090B0GE8	chr14	7587044	EOG090B0GE8
chr20	63590089	EOG090B071X	chr14	4110976	EOG090B071X
chr20	63708581	EOG090B0ABF	chr14	4389841	EOG090B0ABF
chr20	63981246	EOG090B01Q4	chr14	5061129	EOG090B01Q4
chr20	64092721	EOG090B07VI	chr14	5561078	EOG090B07VI
chr21	17793415	EOG090B0A9U	chr1	177857200	EOG090B0A9U
chr21	25584172	EOG090B0A0M	chr1	172187278	EOG090B0A0M
chr21	25734950	EOG090B05S8	chr1	172053925	EOG090B05S8
chr21	26920518	EOG090B02FI	chr1	171172803	EOG090B02FI
chr21	28876385	EOG090B0DQP	chr1	169729489	EOG090B0DQP
chr21	29006417	EOG090B0B95	chr1	169673686	EOG090B0B95
chr21	31452466	EOG090B0F7L	chr3	91730231	EOG090B0F7L
chr21	32583616	EOG090B0AO9	chr1	167837187	EOG090B0AO9
chr21	33488227	EOG090B073K	chr1	167021597	EOG090B073K
chr21	33578307	EOG090B05OK	chr1	166798881	EOG090B05OK
chr21	34370479	EOG090B0HN4	chr1	166142377	EOG090B0HN4
chr21	36036117	EOG090B06CZ	chr1	164855632	EOG090B06CZ
chr21	36122723	EOG090B0C34	chr3	154300699	EOG090B0C34
chr21	36386137	EOG090B04JK	chr1	164602919	EOG090B04JK
chr21	36888928	EOG090B0BXG	chr1	164124712	EOG090B0BXG
chr21	37225544	EOG090B0AFJ	chr1	163827692	EOG090B0AFJ
chr21	39175590	EOG090B0HXK	chr1	162429452	EOG090B0HXK
chr21	39380385	EOG090B0FH5	chr1	162244534	EOG090B0FH5
chr21	41217807	EOG090B05BH	chr1	160891722	EOG090B05BH
chr21	42472818	EOG090B0D19	chr1	159731359	EOG090B0D19
chr21	42850049	EOG090B08D6	chr1	159453383	EOG090B08D6
chr21	43002500	EOG090B07LC	chr1	159339823	EOG090B07LC
chr21	43572586	EOG090B0C8Z	chr1	158630676	EOG090B0C8Z
chr21	44012494	EOG090B00QP	chr1	158076737	EOG090B00QP
chr22	19038865	EOG090B04TV	chr13	19014416	EOG090B04TV
chr22	19134196	EOG090B0782	chr13	18949550	EOG090B0782
chr22	19432555	EOG090B0GW2	chr13	17553106	EOG090B0GW2
chr22	19450670	EOG090B09EE	chr13	17518548	EOG090B09EE
chr22	19479969	EOG090B04EG	chr13	17486873	EOG090B04EG
chr22	20085964	EOG090B02E3	chr13	16148804	EOG090B02E3
chr22	20859111	EOG090B0BEY	chr13	18677815	EOG090B0BEY
chr22	23095696	EOG090B08OU	chr4	131035404	EOG090B08OU
chr22	24495404	EOG090B06Z9	chr13	20734185	EOG090B06Z9
chr22	24543006	EOG090B0C43	chr13	20714384	EOG090B0C43
chr22	26483891	EOG090B0I68	chr13	2180853	EOG090B0I68
chr22	26492013	EOG090B025G	chr13	2162981	EOG090B025G
chr22	28773193	EOG090B0IU8	chr13	255289	EOG090B0IU8
chr22	29733863	EOG090B0FJJ	chr13	31605000	EOG090B0FJJ
chr22	30366001	EOG090B06RY	chr13	32391073	EOG090B06RY
chr22	31754922	EOG090B00G4	chr13	21588657	EOG090B00G4
chr22	32475003	EOG090B05I0	chr1	266165473	EOG090B05I0
chr22	32833620	EOG090B0CJR	chr1	266340774	EOG090B0CJR
chr22	35262391	EOG090B08YU	chr1	267858238	EOG090B08YU
chr22	35607297	EOG090B0HBO	chr1	268108218	EOG090B0HBO
chr22	36467804	EOG090B0FRD	chr1	268616504	EOG090B0FRD
chr22	36490008	EOG090B032J	chr1	268635268	EOG090B032J
chr22	36861172	EOG090B09VV	chr1	268860669	EOG090B09VV
chr22	37686393	EOG090B0EYO	chr1	269625891	EOG090B0EYO
chr22	37944175	EOG090B0FDG	chr1	269813376	EOG090B0FDG
chr22	37953788	EOG090B0JQD	chr1	18092375	EOG090B0JQD
chr22	38057810	EOG090B048F	chr1	269882880	EOG090B048F
chr22	38779449	EOG090B0J1Y	chr1	270440166	EOG090B0J1Y
chr22	39511295	EOG090B06QA	chr1	270892632	EOG090B06QA
chr22	39529492	EOG090B0IZ2	chr1	270958071	EOG090B0IZ2
chr22	40400807	EOG090B02D0	chr1	271899911	EOG090B02D0
chr22	40867042	EOG090B04M7	chr1	272287683	EOG090B04M7
chr22	41529283	EOG090B0CM4	chr1	272940022	EOG090B0CM4
chr22	41795414	EOG090B0E5I	chr1	273171440	EOG090B0E5I
chr22	42512910	EOG090B0B4V	chr1	274328684	EOG090B0B4V
chr22	42585791	EOG090B04ZT	chr1	274341498	EOG090B04ZT
chr22	43038838	EOG090B068D	chr1	239124785	EOG090B068D
chr22	43133043	EOG090B091J	chr1	239085805	EOG090B091J
chr22	43826001	EOG090B0B25	chr1	238267841	EOG090B0B25
chr22	44183330	EOG090B095C	chr1	237946568	EOG090B095C
chr22	45197176	EOG090B07O4	chr1	235803008	EOG090B07O4
chr22	46297829	EOG090B07DA	chr1	336731212	EOG090B07DA
chr22	46335765	EOG090B06LD	chr1	336701453	EOG090B06LD
chr22	49883663	EOG090B0153	chr1	330758838	EOG090B0153
chr22	49903838	EOG090B08HC	chr1	330736666	EOG090B08HC
chr22	49918770	EOG090B0BW9	chr1	330717517	EOG090B0BW9
chr22	50041617	EOG090B08YZ	chr1	328503217	EOG090B08YZ
chr22	50193061	EOG090B08P9	chr1	328146348	EOG090B08P9
chrX	8783696	EOG090B0C15	chr18	10757216	EOG090B0C15
chrX	9725746	EOG090B0ATD	chr1	132685699	EOG090B0ATD
chrX	12825655	EOG090B0GSS	chr5	14377791	EOG090B0GSS
chrX	13582700	EOG090B08OK	chr1	136022516	EOG090B08OK
chrX	14008913	EOG090B0E88	chr1	136401250	EOG090B0E88
chrX	14891088	EOG090B04U0	chr1	137143689	EOG090B04U0
chrX	15561905	EOG090B02RR	chr1	137771110	EOG090B02RR
chrX	21655854	EOG090B03UX	chr1	142535068	EOG090B03UX
chrX	21737563	EOG090B0KLX	chr1	142616124	EOG090B0KLX
chrX	22033006	EOG090B02DP	chr1	142859535	EOG090B02DP
chrX	23334876	EOG090B01ZG	chr1	143760490	EOG090B01ZG
chrX	23703894	EOG090B06JD	chr1	143990318	EOG090B06JD
chrX	23987921	EOG090B03D1	chr1	144180854	EOG090B03D1
chrX	30831427	EOG090B03XC	chr1	148687007	EOG090B03XC
chrX	37685962	EOG090B076B	chr1	152789878	EOG090B076B
chrX	38142138	EOG090B066K	chr1	153114727	EOG090B066K
chrX	40581066	EOG090B0A2O	chr1	154630658	EOG090B0A2O
chrX	43931350	EOG090B0HDB	chr1	156584305	EOG090B0HDB
chrX	46058746	EOG090B0BFE	chr2	152987402	EOG090B0BFE
chrX	64189879	EOG090B07E9	chr9	86659424	EOG090B07E9
chrX	68499067	EOG090B0D27	chr9	84710684	EOG090B0D27
chrX	84449377	EOG090B03BB	chr9	80241862	EOG090B03BB
chrX	85272557	EOG090B06NA	chr9	79364604	EOG090B06NA
chrX	100585019	EOG090B0B55	chr9	70148876	EOG090B0B55
chrX	101079003	EOG090B0H1O	chr9	69824310	EOG090B0H1O
chrX	101101071	EOG090B0533	chr9	69803940	EOG090B0533
chrX	101231697	EOG090B01TT	chr9	69669098	EOG090B01TT
chrX	104166786	EOG090B0CRS	chr9	96020224	EOG090B0CRS
chrX	107205861	EOG090B0F8I	chr9	68934850	EOG090B0F8I
chrX	118382608	EOG090B01Y0	chr9	105749782	EOG090B01Y0
chrX	119589352	EOG090B0326	chr9	95654338	EOG090B0326
chrX	120359898	EOG090B0B3K	chr9	95408501	EOG090B0B3K
chrX	125326897	EOG090B057D	scaffold_86_arrow_ctg1	144230	EOG090B057D
chrX	133025479	EOG090B01OT	chr11	78734776	EOG090B01OT
chrX	134377618	EOG090B08QX	chr9	104189497	EOG090B08QX
chrX	134889161	EOG090B0DAB	chr9	103911591	EOG090B0DAB
chrX	136497685	EOG090B06I1	chr9	103416772	EOG090B06I1
chrX	143613714	EOG090B02IH	chr9	100623567	EOG090B02IH
chrX	145822426	EOG090B020M	chr9	99903013	EOG090B020M
chrX	152846349	EOG090B09H1	chr9	58512152	EOG090B09H1
chrX	154762966	EOG090B07E6	chr9	59522411	EOG090B07E6
chrX	154779177	EOG090B05RT	chr9	59551665	EOG090B05RT
chrX	155889467	EOG090B0BAR	chr9	58735460	EOG090B0BAR
